858 57 799 1969 10 60 125 10
NODES
0 1334 1539
1 3684 4396 0.0 0.4 0.5 0.6 0.7 0.8 0.7 0.6 0.5 0.4 0.3
2 2199 7171 0.0 0.1 0.2 0.3 0.4 0.5 0.6 0.7 0.8
3 5375 1000 0.0 0.1 0.2 0.3 0.4 0.3 0.2 0.1
4 4597 7931 0.0 0.1 0.2 0.3 0.4 0.5 0.6 0.7 0.8
5 3591 8075 0.0 0.4 0.5 0.6 0.7 0.8 0.7 0.6 0.5 0.4 0.3
6 9618 3991 0.0 0.1 0.2 0.3 0.4 0.5 0.6 0.7 0.8
7 4077 1515 0.0 0.1 0.2 0.3 0.4 0.5 0.6 0.7 0.8
8 431 4680 0.0 0.4 0.5 0.6 0.7 0.8 0.7 0.6 0.5 0.4 0.3
9 4588 8198 0.0 0.4 0.5 0.6 0.7 0.8 0.7 0.6 0.5 0.4 0.3
10 1115 7526 0.0 0.1 0.2 0.3 0.4 0.3 0.2 0.1
11 3547 7499 0.0 0.4 0.5 0.6 0.7 0.8 0.7 0.6 0.5 0.4 0.3
12 894 8842 0.0 0.1 0.2 0.3 0.4 0.3 0.2 0.1
13 9604 2152 0.0 0.4 0.5 0.6 0.7 0.8 0.7 0.6 0.5 0.4 0.3
14 3146 728 0.0 0.1 0.2 0.3 0.4 0.3 0.2 0.1
15 2001 8510 0.0 0.4 0.5 0.6 0.7 0.8 0.7 0.6 0.5 0.4 0.3
16 7588 3817 0.0 0.4 0.5 0.6 0.7 0.8 0.7 0.6 0.5 0.4 0.3
17 5484 7283 0.0 0.1 0.2 0.3 0.4 0.5 0.6 0.7 0.8
18 6949 8228 0.0 0.4 0.5 0.6 0.7 0.8 0.7 0.6 0.5 0.4 0.3
19 9576 5677 0.0 0.4 0.5 0.6 0.7 0.8 0.7 0.6 0.5 0.4 0.3
20 9697 9329 0.0 0.1 0.2 0.3 0.4 0.3 0.2 0.1
21 4685 9213 0.0 0.4 0.5 0.6 0.7 0.8 0.7 0.6 0.5 0.4 0.3
22 8794 8687 0.0 0.4 0.5 0.6 0.7 0.8 0.7 0.6 0.5 0.4 0.3
23 3206 8394 0.0 0.1 0.2 0.3 0.4 0.5 0.6 0.7 0.8
24 2800 1753 0.0 0.1 0.2 0.3 0.4 0.3 0.2 0.1
25 6395 4850 0.0 0.1 0.2 0.3 0.4 0.3 0.2 0.1
26 8802 9835 0.0 0.1 0.2 0.3 0.4 0.3 0.2 0.1
27 8934 5954 0.0 0.4 0.5 0.6 0.7 0.8 0.7 0.6 0.5 0.4 0.3
28 2259 8392 0.0 0.4 0.5 0.6 0.7 0.8 0.7 0.6 0.5 0.4 0.3
29 8062 7010 0.0 0.4 0.5 0.6 0.7 0.8 0.7 0.6 0.5 0.4 0.3
30 7682 3799 0.0 0.1 0.2 0.3 0.4 0.5 0.6 0.7 0.8
31 6967 1250 0.0 0.1 0.2 0.3 0.4 0.3 0.2 0.1
32 2058 4568 0.0 0.4 0.5 0.6 0.7 0.8 0.7 0.6 0.5 0.4 0.3
33 2884 8196 0.0 0.4 0.5 0.6 0.7 0.8 0.7 0.6 0.5 0.4 0.3
34 8536 572 0.0 0.1 0.2 0.3 0.4 0.5 0.6 0.7 0.8
35 9873 4460 0.0 0.4 0.5 0.6 0.7 0.8 0.7 0.6 0.5 0.4 0.3
36 6645 5780 0.0 0.1 0.2 0.3 0.4 0.5 0.6 0.7 0.8
37 4842 2768 0.0 0.1 0.2 0.3 0.4 0.5 0.6 0.7 0.8
38 8661 9395 0.0 0.1 0.2 0.3 0.4 0.3 0.2 0.1
39 9662 4594 0.0 0.4 0.5 0.6 0.7 0.8 0.7 0.6 0.5 0.4 0.3
40 5931 6445 0.0 0.1 0.2 0.3 0.4 0.5 0.6 0.7 0.8
41 3632 5397 0.0 0.1 0.2 0.3 0.4 0.3 0.2 0.1
42 2611 7747 0.0 0.1 0.2 0.3 0.4 0.5 0.6 0.7 0.8
43 6971 8083 0.0 0.4 0.5 0.6 0.7 0.8 0.7 0.6 0.5 0.4 0.3
44 1886 5501 0.0 0.1 0.2 0.3 0.4 0.3 0.2 0.1
45 7881 2456 0.0 0.1 0.2 0.3 0.4 0.3 0.2 0.1
46 8290 6497 0.0 0.1 0.2 0.3 0.4 0.5 0.6 0.7 0.8
47 7477 582 0.0 0.1 0.2 0.3 0.4 0.3 0.2 0.1
48 4769 4191 0.0 0.1 0.2 0.3 0.4 0.5 0.6 0.7 0.8
49 7412 2060 0.0 0.1 0.2 0.3 0.4 0.3 0.2 0.1
50 3966 9899 0.0 0.1 0.2 0.3 0.4 0.3 0.2 0.1
51 5035 7656 0.0 0.1 0.2 0.3 0.4 0.5 0.6 0.7 0.8
52 9773 5704 0.0 0.1 0.2 0.3 0.4 0.5 0.6 0.7 0.8
53 5759 4174 0.0 0.1 0.2 0.3 0.4 0.5 0.6 0.7 0.8
54 9075 2826 0.0 0.1 0.2 0.3 0.4 0.3 0.2 0.1
55 3577 4554 0.0 0.1 0.2 0.3 0.4 0.3 0.2 0.1
56 6299 1635 0.0 0.4 0.5 0.6 0.7 0.8 0.7 0.6 0.5 0.4 0.3
57 5756 4288 0.0 0.4 0.5 0.6 0.7 0.8 0.7 0.6 0.5 0.4 0.3
58 1351 9928
59 6462 4768
60 6849 1588
61 2743 4029
62 6828 9511
63 8809 3635
64 6955 3218
65 5782 1870
66 8562 2104
67 4217 9893
68 8998 1559
69 1464 4881
70 9795 6744
71 826 711
72 6001 4208
73 354 8054
74 3906 7094
75 2855 8997
76 6811 571
77 2526 1134
78 6695 8357
79 6934 5227
80 1612 5176
81 4040 3637
82 9336 7983
83 3792 6418
84 7683 966
85 2278 6176
86 4419 7072
87 9380 5926
88 3234 2341
89 3843 4742
90 8425 4102
91 2720 4703
92 6655 7776
93 9645 9947
94 9704 8540
95 5958 9701
96 6959 6785
97 6994 1155
98 5411 8084
99 9090 3981
100 7439 3561
101 6989 6621
102 1566 9333
103 27 7261
104 2766 8102
105 4068 5993
106 8934 4067
107 1862 3220
108 7533 4756
109 5148 1742
110 9140 2749
111 29 8594
112 1883 3578
113 7286 9817
114 7302 788
115 7984 6580
116 959 9702
117 8310 7911
118 404 5871
119 1880 8272
120 6497 9830
121 1630 4486
122 4782 4396
123 2631 1212
124 8404 4079
125 4664 1113
126 3372 1362
127 3357 291
128 9004 4366
129 6214 175
130 7711 1204
131 2075 2138
132 1700 2808
133 4508 9058
134 5612 9362
135 6302 1945
136 7009 266
137 8728 2946
138 8416 8611
139 6716 4373
140 9340 1667
141 4378 5664
142 7073 124
143 120 9190
144 5289 1918
145 1261 4173
146 3885 4769
147 6007 9249
148 9576 6795
149 8278 4930
150 7161 3515
151 505 3644
152 1376 5263
153 9881 6894
154 2673 9330
155 4251 837
156 9821 4475
157 7933 7652
158 4954 6242
159 3586 4516
160 3652 409
161 928 7089
162 1262 3701
163 9971 8603
164 7609 3039
165 138 4611
166 7266 2755
167 8778 1016
168 5674 1390
169 5840 3472
170 4675 1786
171 1080 8039
172 8280 7614
173 5038 426
174 6429 9872
175 3783 3510
176 2366 5733
177 8900 4353
178 1166 1716
179 1895 1904
180 6582 9989
181 6370 80
182 9022 1273
183 9867 3867
184 2862 7657
185 5173 8404
186 4730 7511
187 3224 4372
188 7339 9596
189 9077 3932
190 1304 3945
191 7709 3618
192 389 8031
193 4186 6771
194 2633 9107
195 6770 3206
196 9392 6906
197 1008 8390
198 9837 6772
199 7495 1947
200 6505 3832
201 4153 6598
202 5301 731
203 7910 5630
204 3181 9192
205 3672 4003
206 5469 5096
207 9240 5335
208 9041 5548
209 8104 7412
210 2276 1639
211 7415 2957
212 8806 4068
213 5182 8435
214 6821 6613
215 1404 7784
216 9449 2533
217 2827 9334
218 1371 4351
219 2014 5475
220 8139 1077
221 8854 8045
222 6174 1459
223 7705 4371
224 6795 8008
225 1887 6451
226 6046 1447
227 9758 5129
228 8552 675
229 4201 114
230 6615 5783
231 8219 4561
232 8706 5176
233 6609 4197
234 2350 6350
235 4466 4471
236 6506 2261
237 3251 8858
238 2556 579
239 6303 9874
240 9876 3329
241 969 5038
242 8248 9053
243 8606 398
244 9392 4872
245 4743 6759
246 1859 6574
247 5535 1683
248 9181 4696
249 6012 4581
250 3721 7723
251 7152 9219
252 8936 2593
253 4870 4894
254 1806 4326
255 8508 2731
256 1599 93
257 7421 1255
258 7780 508
259 2092 8448
260 8132 3283
261 8224 1668
262 5573 0
263 3038 5896
264 5106 1306
265 3425 7787
266 367 1335
267 2684 4520
268 1215 4147
269 2375 2907
270 6268 3544
271 822 1067
272 6088 5325
273 3880 4309
274 3968 8218
275 7991 728
276 1531 1174
277 7118 7583
278 9330 8925
279 6317 1832
280 8690 4774
281 2879 3113
282 1353 1684
283 7827 6051
284 2038 6287
285 6807 9219
286 8555 3916
287 2424 9838
288 327 7935
289 5808 7462
290 632 7070
291 7265 2823
292 485 3522
293 9247 3013
294 231 6814
295 973 3404
296 635 5930
297 6765 9516
298 4847 6100
299 333 3077
300 2490 7435
301 838 8295
302 5363 7402
303 9119 7346
304 4721 519
305 5954 246
306 878 9445
307 8833 1386
308 7775 4113
309 7727 2714
310 2503 5337
311 8619 5279
312 845 1391
313 9493 4270
314 2581 6851
315 5556 8729
316 7042 2301
317 6855 9377
318 6350 1499
319 2838 2326
320 4063 4764
321 6399 4534
322 4927 4926
323 4946 5170
324 8939 8046
325 9623 8646
326 8606 2262
327 3050 2462
328 9126 7658
329 3473 3344
330 5983 2928
331 7429 9484
332 6255 4195
333 5462 4568
334 6390 5708
335 3000 6926
336 3811 8330
337 8863 8523
338 5451 1159
339 8066 2263
340 4534 8970
341 1816 9674
342 5061 3873
343 4480 9771
344 2793 9345
345 76 9563
346 834 6802
347 6287 3597
348 3559 9037
349 6776 6582
350 573 1830
351 428 5851
352 1102 3098
353 3313 8150
354 9449 3079
355 2408 1633
356 7439 2878
357 8960 6146
358 3065 5939
359 1438 4121
360 4198 469
361 3623 672
362 771 8128
363 4244 3974
364 5472 3779
365 6304 9432
366 7292 9188
367 7342 4715
368 8716 2214
369 9014 6166
370 6703 2942
371 3811 1987
372 8226 60
373 5805 6547
374 8348 4364
375 4653 9561
376 456 3686
377 395 6903
378 3904 6151
379 4701 210
380 2270 6074
381 5818 784
382 1382 2627
383 8298 1242
384 1224 1961
385 4753 8322
386 4722 1030
387 6706 779
388 3158 8563
389 5020 9442
390 5670 5730
391 7027 6696
392 5106 1632
393 6528 830
394 8760 5350
395 9304 5229
396 5463 770
397 5662 4423
398 7697 8807
399 6599 5944
400 1401 9435
401 21 2325
402 2654 8916
403 2043 9367
404 6402 9464
405 6016 4512
406 9348 8726
407 9826 7661
408 3535 4938
409 6387 6063
410 2554 5530
411 1625 3617
412 1948 5257
413 4045 9911
414 7865 309
415 1423 1792
416 4656 4053
417 2286 3035
418 8571 956
419 4516 4948
420 3040 2913
421 4311 7759
422 7385 7314
423 7718 731
424 8659 6425
425 1714 3015
426 7247 2039
427 5300 4529
428 5539 9680
429 3430 5660
430 419 8387
431 8205 4545
432 758 5506
433 4199 5616
434 8883 4459
435 8795 7940
436 6284 6622
437 476 3716
438 61 7014
439 2916 6148
440 9576 6101
441 2519 9083
442 3574 3080
443 62 5343
444 2155 2028
445 5843 6655
446 9583 3584
447 1651 6212
448 2146 56
449 8986 3532
450 6450 2655
451 2821 8196
452 174 7544
453 6104 6995
454 2534 3660
455 6161 2936
456 6326 4304
457 7299 230
458 8727 5017
459 2239 145
460 9394 9002
461 2222 8842
462 1376 2191
463 5160 9805
464 4137 9474
465 2062 326
466 5832 5976
467 2437 1722
468 2402 1380
469 8392 9064
470 3723 4222
471 7754 5094
472 8797 5747
473 3924 3804
474 4244 1921
475 2515 3068
476 1155 137
477 8280 8173
478 9619 5771
479 1453 8617
480 2128 3557
481 7969 4448
482 9785 8727
483 2106 5306
484 2190 6934
485 6109 6814
486 9668 4343
487 1597 1891
488 3174 3638
489 5671 1100
490 4213 6096
491 753 285
492 3602 8827
493 928 3217
494 7133 9291
495 1442 278
496 8888 6416
497 4126 9657
498 1489 7686
499 8843 6131
500 6939 2493
501 8461 416
502 383 5131
503 3105 3509
504 20 4822
505 5658 7118
506 2228 8903
507 4412 8091
508 7653 1181
509 5287 2513
510 4206 4284
511 3070 6979
512 8879 2666
513 7662 1473
514 4443 8473
515 2565 6233
516 9321 5924
517 9922 4983
518 2742 9606
519 9691 5139
520 7147 2370
521 7999 4005
522 1130 1044
523 1088 2158
524 8734 3139
525 5752 8866
526 7558 5497
527 1103 2021
528 4866 2886
529 1695 1848
530 3892 5395
531 956 7828
532 5430 8054
533 9829 2327
534 6749 9281
535 5383 5896
536 4734 683
537 9937 3420
538 6776 3956
539 1423 531
540 665 4385
541 566 2275
542 7252 5202
543 5712 4164
544 9032 3888
545 3889 2830
546 9282 6128
547 6750 8136
548 4030 2830
549 7564 8951
550 5353 2929
551 1406 2618
552 4640 2259
553 7512 8001
554 7240 9406
555 5 553
556 7492 6414
557 9375 3155
558 4812 9470
559 6496 1110
560 3983 9665
561 2905 6588
562 2222 7876
563 8764 1176
564 9972 8783
565 3337 8433
566 9614 7426
567 9742 6969
568 8971 2857
569 7843 7527
570 9045 7169
571 6227 8995
572 576 331
573 1349 2068
574 2814 4353
575 4690 2865
576 1187 781
577 9332 7431
578 8561 6652
579 5200 3450
580 2311 1692
581 5056 1070
582 750 1946
583 2036 5051
584 6707 408
585 447 386
586 3656 3199
587 8099 1390
588 174 4448
589 8978 1465
590 2379 4499
591 7994 7586
592 9839 6122
593 1268 7708
594 8665 6539
595 1370 9631
596 1128 2371
597 5446 8241
598 8150 6050
599 6684 3339
600 323 3492
601 1482 1439
602 2359 9144
603 2484 9043
604 5765 8955
605 3674 7486
606 1487 3527
607 7228 5340
608 3443 4613
609 9314 4374
610 6587 8544
611 9326 3748
612 607 8109
613 2015 2659
614 1775 1447
615 3628 4867
616 8371 4489
617 4747 2882
618 1334 3266
619 8833 5726
620 4436 8656
621 1172 8368
622 8380 7605
623 5429 2370
624 6455 2580
625 1317 3550
626 1215 7220
627 766 13
628 9030 5769
629 2775 5821
630 8905 6405
631 9883 4508
632 8098 4152
633 9839 3964
634 5670 3961
635 343 2053
636 9810 6712
637 8004 1143
638 9934 2328
639 3857 5888
640 6269 2993
641 8662 5803
642 7705 1232
643 3179 5730
644 9000 6581
645 3881 3410
646 9160 3301
647 495 4112
648 3314 7735
649 3284 3956
650 3106 6220
651 9080 5891
652 4609 1209
653 5173 1683
654 6904 7249
655 7247 9125
656 546 9161
657 996 9099
658 4837 4227
659 7871 3662
660 2700 7186
661 3654 337
662 3576 1449
663 2380 8799
664 9164 1714
665 6050 3709
666 536 1380
667 4248 6670
668 2735 9845
669 1429 6579
670 7009 9354
671 9523 7423
672 5512 8247
673 4914 1545
674 7183 708
675 7727 6545
676 6293 8105
677 916 1759
678 1724 1642
679 9113 533
680 6728 4218
681 9210 4131
682 8230 7599
683 6584 5759
684 2862 4112
685 1072 9390
686 1854 6104
687 2647 7364
688 424 3603
689 9049 9237
690 2167 2745
691 2331 7022
692 7292 5651
693 7298 8301
694 3204 6123
695 5590 7829
696 5451 882
697 7586 1945
698 3791 1976
699 2755 2076
700 258 9501
701 1445 314
702 8214 5972
703 4392 2180
704 7808 7953
705 6882 3215
706 6108 1876
707 8705 9087
708 6444 5453
709 5685 285
710 4928 186
711 6108 5462
712 6378 2458
713 7782 2413
714 8130 2196
715 9612 2913
716 4767 6401
717 743 4564
718 1830 6522
719 8800 6618
720 572 4878
721 8852 8211
722 2771 7378
723 9667 3194
724 6063 6197
725 3248 6115
726 3416 9864
727 8876 3654
728 9258 4323
729 6714 5691
730 4068 8212
731 1763 4533
732 906 7014
733 2187 1938
734 2157 8519
735 4241 3137
736 5682 2719
737 7224 3040
738 9011 6216
739 6413 5860
740 9853 1614
741 5873 2042
742 232 9542
743 4411 6090
744 6079 4039
745 9453 6327
746 4369 6291
747 3382 9160
748 2665 5134
749 7960 4160
750 3718 7887
751 9798 3748
752 8512 7373
753 2807 1921
754 509 5560
755 7156 7417
756 394 5166
757 7553 6749
758 3440 7812
759 9941 2455
760 2342 4903
761 5120 2113
762 9058 5129
763 9256 9679
764 2530 4666
765 6895 6819
766 2732 681
767 3676 5415
768 5806 51
769 9590 5704
770 7181 7510
771 9175 2324
772 3453 7095
773 3478 9568
774 7703 1682
775 6312 1873
776 4266 5940
777 7108 5375
778 9546 7482
779 1822 9816
780 1205 3863
781 5860 7011
782 7150 8135
783 534 164
784 5381 2234
785 8174 378
786 8005 6231
787 8157 2445
788 639 8756
789 1743 1893
790 9086 1108
791 1663 4744
792 2710 9575
793 3143 4092
794 8606 4391
795 3815 8820
796 2610 8593
797 2971 5399
798 4207 4692
799 3154 690
800 197 1392
801 9237 5040
802 4727 6037
803 4179 2580
804 4817 8280
805 4301 3493
806 9130 2784
807 7749 5647
808 538 4166
809 4923 4946
810 9074 8053
811 4221 9931
812 1095 4932
813 9150 9687
814 9318 542
815 7113 9752
816 2331 3321
817 2014 2148
818 1788 8502
819 1940 4466
820 7538 881
821 4532 3704
822 4512 2173
823 8771 3742
824 5378 4064
825 5433 7689
826 8839 4225
827 9111 4448
828 6683 8935
829 6561 3157
830 6213 44
831 8983 2201
832 4102 1257
833 1221 1664
834 6492 7267
835 4244 9595
836 6121 8487
837 6924 5194
838 7005 8986
839 1692 613
840 5640 8223
841 8330 2498
842 7495 1255
843 6019 6025
844 3900 8805
845 1743 8555
846 7315 2220
847 8151 3101
848 4335 7514
849 2855 3508
850 1712 1874
851 3715 1206
852 430 9148
853 2167 642
854 5612 6142
855 2664 1700
856 1754 7386
857 1334 1539
REQUESTS
0 27 58 4 16 17 37 0.3 2 0 0
1 23 58 7 18 5 31 0.3 2 0 0
2 -1 58 5 27 21 55 0.1 0 0 0
3 42 58 0 21 11 49 0.8 2 0 1
4 19 59 6 20 21 55 0.5 2 0 0
5 35 59 3 24 25 56 0.4 2 0 0
6 8 60 1 15 26 58 0.5 2 0 0
7 2 61 7 28 12 32 0.7 1 0 0
8 -1 62 6 21 25 42 0.2 0 0 1
9 34 62 3 28 27 44 0.3 2 0 0
10 47 63 6 7 24 47 0.6 2 0 0
11 41 63 6 11 22 57 0.4 2 0 0
12 2 63 5 7 24 59 0.6 2 0 0
13 2 64 3 30 26 35 0.3 1 0 0
14 16 64 4 11 24 52 0.4 2 0 0
15 40 65 3 10 11 37 0.5 1 0 0
16 7 65 4 12 20 43 0.5 2 0 0
17 14 65 1 22 9 38 0.2 1 0 0
18 27 65 5 13 26 54 0.1 2 0 0
19 49 66 1 19 8 31 0.7 2 0 0
20 13 66 5 13 25 35 0.4 2 0 0
21 6 66 0 28 23 31 0.6 2 0 0
22 18 67 3 22 26 45 0.2 2 0 1
23 25 67 3 6 29 57 0.9 2 0 0
24 5 67 4 18 11 56 0.4 2 0 0
25 38 67 4 10 19 36 0.7 1 1 0
26 -1 68 0 14 11 47 0.1 0 0 0
27 50 68 0 17 26 36 0.4 2 0 0
28 6 69 9 19 8 56 0.5 1 0 0
29 44 69 9 15 15 34 0.2 1 0 0
30 46 70 5 6 22 45 0.6 1 0 0
31 7 70 9 29 24 57 0.7 1 0 0
32 49 70 4 30 9 30 0.5 1 0 0
33 -1 70 3 23 17 47 0.4 0 0 1
34 -1 71 3 16 20 38 0.7 0 0 0
35 56 71 5 21 10 54 0.3 1 1 1
36 56 72 8 13 5 51 0.4 2 0 0
37 -1 72 3 13 6 33 0.4 0 1 0
38 54 73 4 27 18 49 0.5 2 0 0
39 -1 73 1 16 5 40 0.7 0 0 0
40 34 73 3 26 29 33 0.2 2 0 0
41 42 74 3 26 9 53 0.4 2 0 1
42 53 75 5 6 29 30 0.1 1 0 0
43 39 75 4 26 26 37 0.7 2 0 0
44 -1 76 3 21 17 39 0.5 0 0 0
45 11 76 4 25 14 55 0.3 2 1 0
46 50 77 0 30 16 47 0.2 2 1 0
47 -1 78 2 13 18 47 0.9 0 0 0
48 22 78 0 12 23 53 0.9 2 0 0
49 52 78 9 29 13 46 0.2 1 0 0
50 -1 79 5 23 22 39 0.1 0 0 0
51 52 80 5 13 19 58 0.6 2 0 0
52 40 81 2 7 8 54 0.5 2 0 0
53 28 82 8 19 27 54 0.1 1 0 0
54 42 82 8 7 17 56 0.9 2 0 0
55 5 82 6 6 26 40 0.5 2 0 0
56 44 82 5 24 10 34 0.7 2 0 0
57 45 83 6 28 17 34 0.1 2 1 0
58 42 83 4 9 10 35 0.9 2 0 0
59 52 84 0 7 18 42 0.2 2 0 0
60 56 84 9 10 12 39 0.1 1 0 0
61 35 84 4 7 6 34 0.5 2 1 0
62 1 85 4 14 22 39 0.3 2 0 0
63 18 85 4 15 29 53 0.9 2 0 0
64 46 85 7 8 29 55 0.6 1 0 0
65 -1 86 6 21 27 41 0.9 0 0 0
66 45 87 8 6 6 33 0.4 2 0 0
67 55 87 9 15 20 45 0.4 2 0 1
68 9 87 6 14 24 41 0.4 2 0 0
69 34 88 2 28 21 31 0.3 1 1 0
70 29 89 7 12 6 39 0.1 2 0 0
71 54 89 1 21 26 41 0.8 2 0 0
72 -1 89 3 24 24 33 0.1 0 0 0
73 3 90 6 6 24 52 0.3 2 0 0
74 -1 90 9 30 29 47 0.2 0 0 0
75 -1 91 5 26 25 59 0.4 0 0 0
76 53 92 9 20 21 58 0.2 2 0 0
77 30 92 2 6 20 38 0.3 2 0 0
78 48 92 6 14 21 42 0.4 1 0 0
79 26 92 4 30 18 40 0.9 1 0 0
80 21 93 9 24 17 36 0.4 2 0 0
81 27 93 5 16 25 57 0.9 2 0 0
82 49 94 6 20 9 50 0.6 2 0 0
83 -1 94 2 17 8 46 0.4 0 0 1
84 33 94 5 9 7 52 0.3 2 0 0
85 57 94 7 21 14 46 0.8 2 0 0
86 -1 95 6 17 9 35 0.9 0 0 0
87 29 95 8 23 25 35 0.8 2 0 0
88 19 96 3 21 18 43 0.5 1 0 0
89 31 97 8 20 27 41 0.1 2 0 0
90 19 97 7 8 14 57 0.2 2 0 0
91 -1 97 3 25 26 54 0.4 0 0 0
92 24 98 4 19 25 32 0.8 2 0 1
93 40 98 2 11 14 36 0.7 1 0 0
94 19 98 1 26 26 32 0.2 2 0 0
95 3 99 1 13 5 59 0.9 2 0 0
96 23 100 0 13 21 43 0.4 2 0 0
97 5 101 1 24 15 58 0.7 2 1 0
98 54 101 6 24 27 40 0.9 1 1 0
99 -1 102 1 24 11 51 0.3 0 0 0
100 44 102 3 15 18 60 0.2 1 0 0
101 4 102 9 19 24 39 0.3 2 0 1
102 43 103 4 26 20 50 0.4 2 0 0
103 -1 103 3 25 19 32 0.7 0 0 0
104 -1 104 0 15 13 38 0.2 0 0 0
105 24 104 2 26 23 36 0.7 1 0 0
106 12 104 6 26 24 51 0.3 1 0 0
107 32 105 0 27 28 44 0.6 2 0 0
108 16 105 9 16 21 42 0.2 2 0 0
109 48 105 4 22 26 50 0.4 2 0 0
110 -1 105 9 9 16 52 0.5 0 0 0
111 28 106 8 6 7 32 0.2 1 0 0
112 25 106 7 10 12 47 0.1 2 0 0
113 36 106 6 16 6 41 0.9 1 0 0
114 11 107 5 26 18 44 0.3 1 0 0
115 -1 108 9 20 24 57 0.5 0 1 0
116 53 108 9 5 24 56 0.1 2 0 0
117 40 108 0 27 12 43 0.1 2 0 0
118 28 108 1 30 26 57 0.8 2 0 0
119 30 109 7 20 6 35 0.2 2 0 0
120 19 109 4 9 25 46 0.4 2 0 0
121 29 109 6 25 23 34 0.4 2 0 0
122 14 110 6 25 27 58 0.5 2 0 0
123 35 110 2 7 23 47 0.6 2 0 0
124 30 110 7 30 22 52 0.2 2 1 0
125 35 111 5 8 27 31 0.6 2 0 0
126 13 112 7 30 29 36 0.4 2 0 0
127 45 113 1 13 7 49 0.3 1 0 0
128 54 113 2 30 21 47 0.3 2 0 0
129 -1 114 3 25 7 52 0.8 0 0 0
130 11 114 1 18 27 32 0.2 2 0 0
131 34 115 2 17 10 46 0.4 2 0 0
132 6 115 1 19 9 52 0.6 2 0 0
133 37 116 0 27 25 54 0.7 2 1 0
134 -1 117 8 9 28 49 0.6 0 0 0
135 3 117 1 16 23 38 0.9 1 0 0
136 29 117 3 19 12 39 0.5 2 0 0
137 -1 118 3 18 24 54 0.9 0 0 0
138 24 119 1 20 26 41 0.2 2 0 0
139 38 120 7 22 19 54 0.9 1 0 0
140 22 120 9 25 25 48 0.5 2 0 1
141 37 120 9 10 22 32 0.7 2 0 0
142 24 121 5 12 30 34 0.1 2 0 0
143 37 121 2 8 13 48 0.8 2 0 0
144 16 121 8 7 16 59 0.2 2 0 0
145 42 121 2 18 11 37 0.9 2 0 0
146 26 122 7 16 5 44 0.8 2 0 0
147 56 122 0 15 19 45 0.4 2 0 0
148 53 123 1 30 29 32 0.8 1 0 0
149 26 123 5 11 12 47 0.8 1 0 0
150 18 123 8 27 27 41 0.4 1 0 0
151 27 123 9 22 29 38 0.6 1 0 0
152 29 124 9 10 28 51 0.3 2 0 0
153 -1 124 6 25 16 46 0.8 0 0 0
154 9 124 8 6 18 31 0.6 2 0 0
155 -1 125 5 16 26 40 0.8 0 0 0
156 6 126 5 15 25 60 0.6 2 0 0
157 4 126 0 10 8 32 0.9 2 0 0
158 37 127 2 15 17 41 0.1 2 0 0
159 27 128 3 15 5 35 0.2 2 0 0
160 36 128 1 16 25 45 0.6 2 0 0
161 53 128 0 19 16 41 0.5 2 0 0
162 12 128 0 11 7 53 0.3 2 1 0
163 13 129 1 8 7 48 0.6 2 0 0
164 33 129 8 6 17 55 0.3 2 0 1
165 37 129 5 13 15 41 0.2 2 0 1
166 45 129 2 21 23 42 0.4 2 1 0
167 -1 130 7 18 23 40 0.3 0 0 0
168 48 131 2 7 13 46 0.4 2 0 1
169 -1 131 0 19 11 52 0.9 0 0 0
170 15 131 6 23 5 54 0.5 2 1 1
171 19 132 2 24 10 31 0.9 1 0 0
172 38 133 3 17 10 48 0.2 2 0 0
173 20 133 0 21 9 33 0.9 1 0 0
174 51 133 1 24 25 50 0.1 2 0 1
175 33 134 5 5 17 30 0.9 2 0 0
176 15 135 4 21 25 55 0.7 2 0 0
177 -1 135 8 11 12 53 0.3 0 1 0
178 -1 135 1 23 28 43 0.2 0 0 0
179 42 136 1 19 10 58 0.5 1 1 1
180 -1 136 8 27 16 31 0.3 0 0 0
181 55 136 0 10 21 55 0.4 1 1 0
182 54 136 4 22 16 38 0.7 2 0 0
183 31 137 3 18 20 51 0.4 1 0 0
184 -1 137 6 7 19 44 0.5 0 0 0
185 -1 138 0 15 12 42 0.7 0 1 0
186 -1 138 7 9 23 60 0.9 0 0 0
187 24 138 8 23 8 59 0.6 1 0 0
188 54 139 3 28 19 37 0.1 2 1 0
189 33 139 1 17 8 38 0.4 2 0 0
190 38 140 7 13 19 33 0.5 2 0 0
191 13 140 6 7 15 39 0.5 1 0 0
192 46 141 3 29 16 42 0.7 2 0 0
193 53 141 5 15 5 54 0.3 1 0 0
194 48 141 9 9 18 51 0.9 2 0 0
195 -1 141 4 7 7 51 0.2 0 0 0
196 32 142 8 10 20 41 0.9 2 0 0
197 53 143 9 17 25 44 0.7 1 0 0
198 35 143 8 6 8 41 0.4 1 0 0
199 15 143 9 10 6 35 0.1 2 0 0
200 52 143 1 15 27 45 0.1 2 1 0
201 15 144 2 29 16 54 0.2 2 0 0
202 14 144 5 5 7 59 0.7 2 0 0
203 40 144 2 24 28 57 0.3 2 0 0
204 29 145 6 10 27 45 0.6 2 1 1
205 47 145 5 28 14 56 0.3 2 0 1
206 -1 145 9 9 24 36 0.7 0 0 0
207 22 146 7 5 26 43 0.1 2 0 0
208 50 146 4 27 26 58 0.3 2 0 0
209 4 147 7 21 12 31 0.2 2 0 0
210 10 148 7 21 13 33 0.9 1 0 0
211 3 148 8 9 12 47 0.9 1 0 0
212 14 148 2 15 14 57 0.4 1 0 0
213 8 148 6 28 14 59 0.1 2 1 0
214 49 149 9 30 12 42 0.6 1 0 0
215 44 149 7 21 17 32 0.9 2 0 0
216 -1 149 3 30 10 53 0.1 0 0 0
217 49 150 1 8 16 51 0.4 2 0 0
218 31 150 8 6 14 39 0.3 2 0 1
219 25 151 3 27 29 54 0.6 2 0 1
220 3 151 0 11 7 33 0.7 2 0 0
221 33 152 8 5 27 36 0.7 2 0 1
222 55 152 4 6 10 42 0.8 2 0 0
223 -1 153 4 29 7 39 0.8 0 0 0
224 7 153 5 14 23 46 0.4 1 0 0
225 4 153 2 24 12 39 0.4 2 0 0
226 41 153 2 22 15 38 0.4 2 0 0
227 -1 154 4 9 8 42 0.1 0 0 0
228 37 155 4 24 29 52 0.5 2 0 0
229 4 156 1 26 23 44 0.5 2 0 0
230 21 156 9 28 6 55 0.3 1 0 0
231 55 156 1 24 25 54 0.7 2 0 1
232 2 157 3 23 28 35 0.5 2 0 0
233 27 157 2 15 16 33 0.5 2 0 0
234 57 157 8 20 27 37 0.6 1 0 0
235 10 158 5 24 17 39 0.2 2 0 1
236 -1 158 5 28 28 36 0.7 0 0 0
237 -1 159 7 7 9 57 0.6 0 0 1
238 -1 160 1 18 18 56 0.5 0 0 0
239 46 160 9 21 8 53 0.2 2 0 1
240 35 161 2 12 20 44 0.4 2 0 0
241 38 161 9 19 9 46 0.3 2 0 0
242 25 161 7 26 29 35 0.4 2 0 0
243 46 161 5 25 27 44 0.9 2 0 0
244 33 162 1 25 25 32 0.4 2 0 0
245 -1 163 4 29 14 56 0.4 0 0 0
246 31 163 9 14 26 37 0.3 1 0 0
247 3 163 6 22 22 40 0.9 1 0 0
248 50 163 0 25 10 41 0.7 1 0 0
249 -1 164 8 19 18 41 0.9 0 0 0
250 14 164 6 27 14 32 0.2 2 0 0
251 -1 164 7 25 12 42 0.5 0 0 0
252 15 164 1 29 11 34 0.2 2 0 0
253 -1 165 2 23 22 51 0.9 0 0 0
254 24 165 2 12 7 39 0.6 2 0 0
255 41 165 3 11 24 55 0.2 2 0 1
256 15 166 6 23 23 32 0.2 2 0 0
257 52 167 7 18 15 34 0.3 1 0 0
258 24 167 2 8 13 40 0.2 2 0 1
259 31 168 1 19 12 46 0.9 2 0 0
260 34 168 4 11 23 47 0.6 2 0 0
261 33 168 7 16 9 36 0.3 2 0 0
262 36 169 8 22 18 39 0.4 2 0 0
263 54 170 0 28 24 57 0.9 2 0 0
264 24 171 2 20 10 36 0.1 1 0 0
265 12 171 3 17 21 56 0.7 2 0 0
266 -1 172 9 23 14 52 0.7 0 0 0
267 33 172 5 11 16 44 0.8 1 0 0
268 -1 173 3 9 7 45 0.3 0 0 0
269 32 174 1 26 29 41 0.3 2 0 0
270 -1 174 6 13 19 40 0.5 0 0 0
271 8 175 6 28 14 50 0.6 2 0 0
272 -1 175 1 27 15 50 0.1 0 0 0
273 5 176 5 24 12 35 0.4 2 0 1
274 48 176 4 9 26 50 0.7 1 0 0
275 -1 177 0 5 30 51 0.4 0 1 0
276 -1 177 0 9 29 34 0.6 0 0 0
277 6 177 2 22 21 42 0.6 2 0 0
278 26 177 1 19 11 55 0.7 2 0 0
279 17 178 2 21 10 58 0.8 2 0 0
280 33 178 1 22 11 32 0.4 2 0 0
281 29 178 1 13 21 37 0.2 2 0 0
282 20 179 6 25 30 38 0.5 2 1 0
283 41 179 6 21 20 48 0.1 2 0 0
284 29 179 5 16 30 32 0.2 1 0 0
285 53 180 9 23 8 45 0.1 2 0 0
286 -1 180 3 13 27 52 0.1 0 0 0
287 57 181 3 18 30 59 0.9 2 0 0
288 -1 182 0 12 9 50 0.6 0 0 0
289 41 182 2 13 9 56 0.4 2 0 0
290 31 183 5 6 24 48 0.4 2 0 0
291 27 183 9 22 24 50 0.6 2 0 0
292 22 184 2 23 5 54 0.5 2 0 0
293 8 184 1 7 20 55 0.5 2 0 1
294 26 184 7 24 8 50 0.8 2 0 0
295 51 184 0 19 9 37 0.4 1 0 0
296 46 185 1 19 9 60 0.5 2 0 0
297 8 185 3 11 16 58 0.3 2 0 0
298 44 185 7 13 19 58 0.8 2 0 0
299 22 186 6 10 25 38 0.4 1 0 0
300 8 187 8 18 20 31 0.6 1 0 0
301 20 187 7 6 24 31 0.6 2 0 1
302 -1 187 1 21 24 59 0.5 0 0 0
303 15 188 5 27 22 57 0.5 2 0 0
304 29 189 8 12 20 54 0.1 2 0 0
305 13 189 8 17 17 30 0.3 2 0 0
306 -1 189 6 28 18 46 0.1 0 0 0
307 38 190 6 28 7 47 0.2 1 1 0
308 3 190 9 7 22 56 0.7 2 1 0
309 50 190 0 13 27 55 0.7 2 0 0
310 14 190 0 9 21 47 0.6 2 0 0
311 35 191 0 9 28 36 0.7 2 1 0
312 21 192 2 23 30 37 0.8 2 0 0
313 55 192 3 23 25 56 0.6 1 0 0
314 30 192 0 28 28 36 0.8 2 1 0
315 33 193 2 24 13 55 0.7 2 0 0
316 2 193 3 27 14 32 0.1 2 0 1
317 22 193 0 24 9 47 0.6 1 1 1
318 10 194 7 18 30 50 0.6 2 0 0
319 41 194 4 14 22 40 0.8 2 0 0
320 50 194 0 21 12 33 0.9 2 0 0
321 17 194 4 6 21 50 0.9 1 0 0
322 27 195 0 19 11 48 0.2 2 0 0
323 -1 196 4 21 30 41 0.4 0 0 0
324 -1 197 3 7 12 54 0.6 0 1 1
325 19 198 5 12 29 54 0.8 1 0 0
326 28 198 1 13 28 33 0.3 2 0 0
327 -1 199 0 19 5 34 0.2 0 1 0
328 14 199 6 19 12 35 0.8 2 0 1
329 45 199 0 9 10 59 0.7 1 0 0
330 37 200 5 26 18 37 0.6 2 1 0
331 20 200 7 8 20 60 0.3 2 0 0
332 -1 201 8 24 10 55 0.7 0 0 0
333 37 201 6 28 9 33 0.1 2 0 0
334 24 201 5 28 23 35 0.9 2 0 0
335 34 201 1 8 13 33 0.2 1 0 1
336 20 202 8 23 27 31 0.5 1 0 1
337 -1 202 0 19 24 40 0.3 0 1 0
338 6 202 9 28 26 37 0.5 2 0 0
339 28 202 4 9 24 45 0.3 2 0 0
340 -1 203 3 10 27 36 0.3 0 0 0
341 37 203 5 7 16 36 0.5 1 0 0
342 50 203 1 21 14 52 0.9 2 1 0
343 -1 204 2 13 23 54 0.6 0 0 0
344 26 205 9 10 7 31 0.4 2 0 0
345 36 205 7 14 8 33 0.4 2 0 0
346 3 205 0 8 8 54 0.6 2 1 0
347 27 205 5 8 30 59 0.1 1 0 0
348 -1 206 0 17 7 48 0.3 0 0 0
349 41 206 4 7 20 43 0.6 1 0 0
350 36 206 7 16 16 34 0.3 2 0 0
351 27 207 4 10 13 34 0.3 2 0 0
352 10 207 8 22 11 38 0.3 1 0 0
353 21 207 6 8 17 33 0.8 2 0 0
354 30 207 9 22 26 56 0.5 2 0 0
355 17 208 3 21 14 30 0.1 2 0 0
356 21 208 7 25 21 59 0.8 1 0 0
357 57 208 9 25 18 55 0.5 2 0 0
358 45 208 1 11 20 38 0.6 2 0 0
359 30 209 3 12 24 44 0.1 2 1 0
360 22 209 1 22 21 53 0.3 2 1 0
361 54 209 0 19 13 43 0.4 2 0 0
362 -1 209 7 22 13 57 0.6 0 0 0
363 8 210 4 16 24 47 0.9 2 0 0
364 -1 210 3 16 18 36 0.5 0 0 0
365 -1 211 3 30 19 49 0.2 0 0 0
366 39 211 6 14 6 30 0.2 2 0 0
367 9 212 4 7 6 32 0.2 1 0 0
368 11 212 1 25 7 44 0.8 2 0 0
369 7 212 5 26 18 37 0.5 2 0 0
370 50 212 2 25 23 34 0.1 2 1 0
371 9 213 8 30 9 36 0.6 2 1 0
372 15 213 6 21 9 39 0.5 1 0 0
373 43 213 9 30 5 31 0.1 2 0 0
374 50 214 5 26 16 54 0.4 1 0 0
375 52 214 8 25 11 60 0.7 2 0 0
376 8 214 3 29 20 40 0.2 2 0 0
377 39 215 3 27 18 49 0.9 1 0 0
378 56 216 5 30 5 54 0.9 2 0 0
379 33 216 8 11 16 32 0.2 2 0 0
380 24 216 4 13 10 59 0.9 2 0 0
381 37 216 0 19 11 53 0.8 2 0 0
382 27 217 8 11 11 54 0.4 2 0 0
383 42 217 0 21 8 40 0.4 2 1 0
384 1 218 7 22 11 43 0.8 2 1 0
385 -1 218 2 10 20 37 0.6 0 0 0
386 -1 219 2 24 29 31 0.1 0 1 0
387 26 219 5 15 14 30 0.9 2 0 0
388 -1 219 9 15 13 46 0.2 0 0 0
389 47 219 3 25 12 50 0.9 2 0 0
390 -1 220 5 19 5 41 0.2 0 0 0
391 21 221 5 24 21 49 0.5 2 0 0
392 57 221 9 14 29 41 0.9 2 0 0
393 12 221 3 7 9 52 0.9 2 0 0
394 36 222 0 9 18 48 0.8 2 0 1
395 38 222 3 26 15 51 0.1 2 0 0
396 12 222 9 25 26 33 0.4 2 0 0
397 1 223 1 17 15 59 0.3 2 0 0
398 38 223 6 14 17 46 0.3 2 0 0
399 22 224 4 14 15 40 0.7 1 0 1
400 49 224 3 17 27 60 0.7 1 0 0
401 39 224 1 13 14 47 0.4 1 0 0
402 21 224 4 18 8 45 0.4 2 1 0
403 39 225 4 17 20 56 0.5 2 0 0
404 -1 226 7 16 26 38 0.5 0 0 0
405 15 226 6 12 28 44 0.1 1 1 0
406 1 226 3 15 17 53 0.1 2 0 0
407 43 226 6 25 30 44 0.5 1 0 0
408 21 227 4 7 23 59 0.4 1 0 0
409 26 227 7 17 14 38 0.9 2 0 0
410 44 227 6 28 7 54 0.6 2 0 0
411 -1 228 3 11 12 35 0.4 0 0 0
412 41 228 9 25 20 38 0.3 2 0 0
413 33 229 9 27 16 32 0.6 2 0 0
414 -1 229 1 10 21 52 0.7 0 0 0
415 17 230 4 11 15 57 0.3 1 0 0
416 17 231 0 21 7 47 0.9 2 0 0
417 29 231 1 14 7 37 0.6 2 0 0
418 -1 231 7 10 12 31 0.4 0 0 0
419 15 232 0 16 8 58 0.9 2 0 0
420 35 233 6 15 27 60 0.7 2 0 0
421 12 233 1 25 22 40 0.8 2 0 1
422 16 233 3 9 8 58 0.8 2 0 1
423 18 233 0 21 29 51 0.8 2 0 0
424 32 234 3 18 9 43 0.4 2 0 1
425 -1 235 7 25 5 41 0.8 0 0 0
426 10 235 0 23 15 60 0.3 2 0 0
427 2 236 3 14 18 45 0.3 2 1 0
428 57 236 5 22 29 32 0.8 1 0 0
429 42 236 1 22 12 37 0.6 2 0 1
430 17 237 0 5 20 59 0.3 1 0 1
431 38 237 7 22 28 41 0.2 2 0 0
432 11 238 8 17 27 45 0.3 1 0 0
433 5 239 9 7 29 34 0.3 2 0 0
434 6 239 9 6 16 43 0.4 2 0 0
435 -1 240 0 18 9 50 0.7 0 0 0
436 5 240 5 16 22 41 0.6 2 0 0
437 20 241 1 28 25 30 0.6 2 0 0
438 -1 241 4 17 14 35 0.9 0 1 0
439 54 242 3 15 23 50 0.9 2 1 0
440 43 243 6 18 17 59 0.7 2 0 0
441 39 243 0 28 25 54 0.8 2 1 0
442 29 243 0 22 7 49 0.5 2 0 0
443 49 243 3 29 30 47 0.8 1 0 0
444 24 244 2 20 17 58 0.1 1 0 0
445 46 244 7 20 30 53 0.1 2 0 0
446 36 244 4 15 12 46 0.2 2 0 0
447 10 245 7 5 22 30 0.2 2 0 0
448 -1 245 8 7 23 37 0.3 0 0 0
449 -1 246 6 10 19 47 0.2 0 1 1
450 -1 246 6 5 8 44 0.1 0 0 1
451 9 246 0 26 7 60 0.5 1 0 0
452 -1 247 1 20 30 52 0.9 0 1 1
453 45 247 1 5 25 34 0.7 2 0 0
454 5 248 1 18 19 32 0.4 2 0 0
455 12 249 9 30 21 37 0.7 2 0 0
456 14 249 5 6 9 32 0.7 2 0 0
457 46 249 6 13 23 58 0.2 2 0 0
458 35 250 4 23 11 39 0.6 1 0 0
459 53 250 2 16 20 52 0.6 2 0 0
460 57 250 3 13 11 42 0.5 1 0 0
461 35 251 0 25 10 31 0.2 2 0 0
462 -1 251 3 26 7 32 0.1 0 0 0
463 -1 251 6 27 14 35 0.3 0 0 0
464 51 251 6 27 12 40 0.1 2 0 0
465 12 252 3 17 22 55 0.7 2 0 1
466 -1 252 8 28 15 38 0.4 0 0 0
467 42 252 7 24 5 34 0.6 1 0 0
468 14 252 7 9 15 47 0.8 2 0 0
469 38 253 4 18 19 51 0.3 2 0 0
470 11 253 8 6 7 51 0.6 2 1 0
471 -1 253 8 17 13 36 0.6 0 0 0
472 8 254 2 24 20 49 0.7 1 1 0
473 3 254 6 19 23 34 0.2 2 0 0
474 -1 254 2 18 25 31 0.5 0 0 0
475 12 254 7 30 15 56 0.4 2 0 0
476 44 255 4 12 22 43 0.5 2 0 0
477 40 255 4 11 12 39 0.8 2 1 0
478 -1 255 8 12 17 33 0.2 0 1 0
479 50 256 2 25 6 30 0.6 2 0 0
480 3 256 1 14 9 34 0.8 2 0 0
481 45 256 3 8 11 53 0.5 2 0 0
482 33 257 3 22 29 34 0.3 2 0 0
483 -1 257 7 25 21 41 0.2 0 0 0
484 32 258 6 29 5 50 0.2 2 0 1
485 53 258 1 21 30 53 0.2 2 1 0
486 8 258 6 11 22 42 0.3 2 0 0
487 40 258 6 28 18 51 0.4 2 0 0
488 19 259 4 27 19 38 0.3 2 0 0
489 42 259 0 19 15 60 0.2 2 0 0
490 44 259 0 11 13 44 0.4 2 0 1
491 51 259 9 24 27 34 0.9 1 0 0
492 20 260 2 30 22 41 0.1 1 0 0
493 9 260 5 17 16 46 0.6 2 0 0
494 9 261 9 16 28 37 0.7 2 1 0
495 33 261 3 27 21 50 0.5 2 0 0
496 21 261 5 29 6 57 0.2 2 0 0
497 15 261 4 23 23 60 0.7 2 0 0
498 19 262 2 22 15 30 0.8 2 1 0
499 24 262 4 5 29 31 0.8 2 0 0
500 -1 262 1 5 22 52 0.7 0 0 0
501 27 263 4 16 16 54 0.7 2 0 1
502 41 263 1 29 13 41 0.2 2 0 0
503 57 263 5 7 26 54 0.2 1 0 0
504 -1 264 1 17 21 32 0.8 0 0 0
505 -1 265 6 16 12 40 0.8 0 0 0
506 -1 265 1 23 24 43 0.2 0 0 0
507 31 266 5 14 24 35 0.4 1 0 0
508 4 267 4 20 8 51 0.8 2 1 0
509 27 267 2 29 24 39 0.1 2 0 1
510 31 268 9 29 25 44 0.6 2 0 0
511 -1 268 4 26 14 43 0.7 0 0 0
512 -1 268 2 16 30 35 0.1 0 1 0
513 -1 268 3 25 28 38 0.3 0 0 0
514 -1 269 6 10 11 33 0.4 0 0 0
515 16 269 8 15 5 52 0.7 2 0 0
516 32 269 6 17 13 48 0.4 1 0 1
517 40 269 3 20 7 40 0.3 2 0 0
518 38 270 6 25 8 49 0.6 2 0 0
519 -1 270 7 5 17 31 0.2 0 0 0
520 16 270 0 29 6 46 0.3 1 0 0
521 10 270 6 22 22 39 0.9 1 0 0
522 55 271 2 24 21 55 0.2 2 0 0
523 18 271 4 30 11 49 0.9 2 0 0
524 1 271 8 10 8 37 0.4 2 0 0
525 34 271 7 25 8 39 0.2 2 0 0
526 37 272 8 6 12 37 0.8 1 0 0
527 2 272 2 24 16 33 0.9 2 0 0
528 7 272 1 20 5 32 0.6 1 0 0
529 1 273 9 12 8 31 0.3 1 0 0
530 4 273 7 27 15 58 0.7 2 0 0
531 55 273 6 20 28 47 0.2 2 0 0
532 28 273 2 9 20 54 0.8 2 0 0
533 23 274 5 24 29 58 0.3 2 0 1
534 2 274 8 27 11 60 0.9 2 0 0
535 52 274 1 21 21 32 0.4 1 0 0
536 7 274 7 16 21 48 0.9 2 0 0
537 7 275 3 27 27 35 0.6 2 0 0
538 22 275 1 22 18 56 0.4 2 0 0
539 23 275 5 21 28 38 0.6 1 1 0
540 32 276 5 28 17 50 0.6 2 0 0
541 -1 276 9 30 8 35 0.5 0 0 0
542 57 276 5 12 26 48 0.9 1 0 0
543 10 276 6 20 9 33 0.9 2 0 0
544 20 277 5 7 26 44 0.3 2 0 0
545 53 277 9 12 24 39 0.8 1 0 0
546 37 278 7 21 5 31 0.5 2 0 0
547 21 278 6 12 14 42 0.4 2 0 0
548 26 278 8 24 26 54 0.4 2 0 0
549 8 278 4 17 29 58 0.6 2 0 0
550 40 279 8 8 11 52 0.3 2 0 0
551 12 279 3 11 7 36 0.8 2 0 0
552 -1 279 0 6 9 47 0.6 0 1 0
553 15 280 2 28 28 39 0.7 1 0 0
554 24 280 8 13 13 35 0.7 2 0 0
555 19 280 7 22 28 32 0.2 2 0 1
556 16 280 6 7 16 47 0.2 2 0 0
557 49 281 4 12 12 31 0.6 2 0 0
558 -1 282 7 17 30 39 0.4 0 1 0
559 -1 282 4 21 5 34 0.8 0 0 1
560 -1 283 9 30 25 43 0.9 0 0 0
561 49 283 9 16 25 55 0.1 2 1 0
562 -1 284 4 14 8 41 0.7 0 0 0
563 21 284 2 23 5 40 0.7 1 0 0
564 -1 285 8 21 7 39 0.9 0 0 0
565 16 285 2 20 6 54 0.5 1 0 1
566 17 285 5 28 16 46 0.1 1 0 0
567 19 286 5 5 22 59 0.3 2 0 0
568 -1 286 2 8 17 37 0.9 0 0 0
569 24 287 4 25 19 55 0.8 1 0 0
570 11 288 9 12 23 41 0.2 2 0 0
571 43 288 6 30 12 56 0.1 2 0 1
572 15 289 3 21 9 39 0.5 2 0 0
573 5 289 5 29 12 47 0.5 2 0 0
574 53 289 2 24 15 49 0.9 2 0 0
575 -1 290 6 14 10 30 0.9 0 0 0
576 -1 290 0 23 28 33 0.7 0 0 1
577 29 291 6 5 27 55 0.5 2 0 0
578 27 291 7 14 14 51 0.3 2 0 0
579 40 292 9 12 13 44 0.5 2 0 0
580 6 292 4 17 29 51 0.3 2 0 0
581 28 293 5 29 29 56 0.4 2 0 0
582 42 293 1 23 22 42 0.7 2 0 0
583 -1 294 3 26 22 59 0.8 0 0 0
584 57 294 1 19 28 56 0.7 1 0 1
585 39 294 1 30 8 60 0.4 2 0 0
586 6 294 9 9 25 31 0.7 1 0 0
587 15 295 4 26 23 60 0.5 2 0 0
588 23 296 5 11 14 59 0.1 2 0 0
589 2 296 5 17 19 43 0.4 2 0 0
590 32 296 0 28 14 54 0.5 2 0 0
591 31 297 2 10 15 35 0.7 1 0 0
592 20 298 9 14 11 35 0.6 1 0 0
593 55 298 4 29 14 33 0.2 2 0 0
594 25 298 4 21 29 39 0.1 2 0 0
595 24 298 6 18 10 47 0.4 2 1 0
596 -1 299 6 23 27 35 0.6 0 0 0
597 10 299 6 28 18 32 0.4 2 0 0
598 19 299 4 21 18 38 0.9 2 0 0
599 -1 300 7 10 24 47 0.5 0 0 0
600 -1 301 8 7 21 37 0.3 0 0 0
601 52 301 2 22 7 57 0.6 1 0 0
602 17 301 2 26 22 51 0.1 2 0 0
603 30 301 2 29 20 50 0.9 2 0 1
604 14 302 3 18 14 35 0.2 2 0 0
605 27 302 5 29 6 57 0.3 2 0 0
606 3 303 4 25 29 46 0.2 2 0 0
607 38 303 9 22 15 36 0.9 2 0 1
608 26 303 3 27 30 56 0.7 2 0 0
609 54 304 3 19 29 39 0.3 2 0 0
610 44 304 0 15 12 34 0.1 2 0 1
611 7 305 1 27 6 54 0.8 2 0 0
612 30 305 1 12 11 53 0.5 2 0 1
613 50 305 3 24 7 36 0.1 2 0 0
614 41 305 4 26 25 31 0.6 2 1 0
615 44 306 4 10 19 33 0.1 1 1 0
616 42 306 7 19 14 32 0.4 2 0 1
617 10 306 7 15 29 41 0.6 2 0 0
618 28 306 3 8 6 56 0.1 2 0 0
619 43 307 2 21 11 46 0.9 2 0 0
620 36 307 8 25 25 54 0.8 2 0 0
621 20 307 3 26 30 48 0.1 2 0 0
622 33 307 6 9 27 37 0.8 2 0 0
623 -1 308 5 13 12 60 0.1 0 0 0
624 51 308 9 5 10 44 0.5 2 0 0
625 10 308 3 23 30 39 0.9 2 0 0
626 20 308 5 17 9 59 0.3 2 0 0
627 2 309 0 13 16 39 0.5 2 0 0
628 -1 310 6 23 29 32 0.9 0 0 0
629 43 310 7 27 27 37 0.5 2 0 0
630 24 310 5 22 27 53 0.2 2 0 0
631 47 311 5 8 10 46 0.7 2 0 0
632 8 311 4 11 8 41 0.9 2 0 0
633 50 312 6 11 6 45 0.6 2 1 0
634 -1 313 2 12 23 43 0.7 0 0 0
635 28 313 5 22 9 42 0.8 2 0 0
636 -1 313 1 29 5 43 0.5 0 0 0
637 3 313 2 19 24 48 0.3 2 0 0
638 35 314 8 5 30 42 0.1 2 0 0
639 51 314 7 24 10 37 0.8 2 0 0
640 39 314 5 11 24 58 0.1 1 0 0
641 27 314 1 11 20 34 0.3 2 0 0
642 33 315 9 21 23 45 0.5 1 0 0
643 14 316 9 16 17 33 0.2 2 0 0
644 24 316 6 9 18 45 0.4 2 0 0
645 -1 317 2 20 21 39 0.6 0 0 0
646 22 318 5 30 26 58 0.8 2 0 0
647 56 318 6 15 12 53 0.9 2 1 0
648 24 319 8 19 24 51 0.4 2 0 0
649 35 319 8 7 29 54 0.6 1 0 0
650 -1 319 5 16 22 43 0.7 0 0 0
651 -1 319 7 5 20 56 0.3 0 0 0
652 5 320 3 11 14 31 0.5 1 1 0
653 -1 320 7 25 29 44 0.6 0 0 1
654 46 321 2 27 12 57 0.1 1 0 0
655 48 321 6 11 28 40 0.1 2 0 0
656 43 321 5 20 28 53 0.3 2 0 0
657 29 322 6 27 12 58 0.6 2 0 1
658 14 322 7 20 29 45 0.4 1 0 0
659 13 322 3 24 6 45 0.5 1 0 0
660 -1 323 2 6 11 45 0.4 0 0 1
661 57 323 3 27 26 60 0.5 2 0 0
662 25 323 0 8 7 39 0.9 2 0 0
663 17 323 6 16 27 51 0.7 2 0 0
664 1 324 1 30 8 54 0.6 1 0 1
665 41 324 9 26 17 50 0.8 2 0 0
666 16 324 5 8 12 42 0.9 2 0 0
667 4 324 4 29 19 41 0.7 2 0 0
668 14 325 7 24 11 57 0.8 2 0 0
669 20 325 3 24 13 33 0.5 1 0 0
670 48 325 0 19 23 54 0.2 2 1 0
671 17 325 1 19 25 46 0.5 2 0 1
672 -1 326 3 7 10 46 0.6 0 0 0
673 -1 326 1 17 28 54 0.5 0 1 0
674 1 326 1 15 22 49 0.8 1 0 0
675 -1 327 8 25 16 47 0.2 0 0 0
676 28 327 0 17 13 50 0.5 2 1 1
677 44 327 5 28 28 55 0.4 2 0 0
678 -1 327 4 24 14 58 0.4 0 0 0
679 -1 328 4 22 22 35 0.8 0 0 0
680 22 329 9 25 30 49 0.2 2 0 0
681 43 329 8 14 16 35 0.6 2 0 0
682 54 329 4 15 8 41 0.9 2 0 0
683 4 329 2 17 19 34 0.2 2 0 0
684 -1 330 9 21 30 53 0.9 0 0 0
685 30 330 7 8 22 40 0.5 2 0 1
686 4 330 5 15 9 58 0.9 1 1 0
687 28 331 4 27 27 59 0.7 1 1 0
688 -1 331 0 27 26 40 0.2 0 0 0
689 -1 331 5 26 22 43 0.6 0 0 0
690 24 331 8 12 14 38 0.4 2 0 0
691 31 332 3 30 28 53 0.3 2 0 0
692 14 333 8 13 5 42 0.1 2 0 0
693 10 333 7 24 12 51 0.4 2 1 0
694 43 334 2 30 19 39 0.5 1 1 0
695 44 334 7 9 16 49 0.1 2 0 1
696 26 335 7 12 29 37 0.2 2 0 0
697 40 335 1 10 5 30 0.4 2 0 0
698 38 335 4 30 28 40 0.8 1 0 1
699 24 335 7 19 18 31 0.5 1 0 0
700 31 336 4 23 9 35 0.7 2 0 0
701 28 337 4 20 28 38 0.2 2 1 0
702 7 337 2 25 11 59 0.2 2 0 0
703 -1 338 8 27 29 51 0.7 0 0 0
704 5 338 4 23 21 55 0.5 2 0 0
705 13 338 4 17 20 31 0.7 2 0 1
706 23 339 4 13 9 42 0.7 2 0 0
707 -1 339 5 10 27 33 0.8 0 1 0
708 56 340 6 30 11 57 0.2 1 0 0
709 46 340 2 19 23 42 0.6 2 0 0
710 7 340 4 5 7 30 0.3 2 0 1
711 -1 340 7 25 14 42 0.5 0 0 0
712 3 341 9 29 24 30 0.1 1 1 0
713 7 342 4 22 10 45 0.4 2 0 1
714 -1 342 6 9 26 32 0.6 0 0 0
715 -1 342 6 7 23 48 0.8 0 0 0
716 23 342 4 26 18 59 0.7 2 0 0
717 15 343 7 11 29 44 0.7 1 0 0
718 4 343 9 22 16 45 0.7 2 0 0
719 7 343 8 12 20 50 0.2 2 0 0
720 50 343 4 30 8 50 0.9 2 0 0
721 11 344 8 30 15 54 0.5 2 0 0
722 35 345 3 13 5 50 0.4 1 0 0
723 29 345 6 17 30 60 0.6 2 0 0
724 57 346 3 24 27 38 0.4 2 0 0
725 -1 346 4 12 9 31 0.6 0 0 0
726 4 346 7 8 16 49 0.7 2 0 0
727 15 346 2 20 20 41 0.9 1 0 0
728 -1 347 2 11 8 48 0.4 0 0 0
729 6 348 1 17 11 41 0.1 2 0 0
730 -1 349 1 26 21 60 0.4 0 0 0
731 42 349 8 25 15 46 0.5 2 0 0
732 15 350 4 22 5 42 0.6 2 0 0
733 34 350 0 23 16 47 0.9 2 0 0
734 49 350 8 11 21 40 0.9 2 0 0
735 -1 350 7 24 12 50 0.9 0 0 0
736 47 351 7 14 18 49 0.9 2 0 0
737 30 352 5 5 29 44 0.8 2 0 0
738 22 353 3 28 29 40 0.6 2 0 0
739 9 353 7 20 27 31 0.5 1 0 0
740 -1 354 9 10 20 47 0.2 0 0 0
741 33 355 6 24 30 30 0.2 2 0 0
742 -1 355 4 29 6 39 0.7 0 0 0
743 52 355 6 26 25 46 0.8 2 0 0
744 40 356 0 17 27 54 0.3 1 0 1
745 16 357 7 28 13 42 0.8 1 0 0
746 43 358 4 18 23 40 0.6 2 0 0
747 18 358 2 16 19 42 0.1 2 0 0
748 33 358 3 22 16 39 0.5 2 1 1
749 13 358 3 20 24 45 0.4 1 0 0
750 57 359 1 6 8 35 0.7 2 0 0
751 44 359 4 29 17 31 0.1 2 0 1
752 54 359 0 14 18 45 0.2 2 0 0
753 56 360 9 19 6 33 0.1 1 0 0
754 -1 360 6 27 28 30 0.1 0 0 1
755 14 361 6 18 12 59 0.3 2 0 0
756 -1 362 7 26 27 59 0.1 0 0 0
757 57 362 1 11 15 34 0.9 2 0 0
758 47 362 3 24 11 51 0.6 2 0 0
759 -1 363 3 14 20 37 0.4 0 0 0
760 -1 363 0 30 5 40 0.6 0 0 0
761 17 364 9 23 23 38 0.6 2 0 0
762 22 364 9 29 7 38 0.2 2 1 0
763 32 364 7 18 16 31 0.8 1 0 1
764 14 365 5 27 15 31 0.9 2 0 1
765 41 365 2 19 21 30 0.6 2 0 1
766 -1 365 7 5 17 35 0.5 0 0 0
767 54 365 6 8 30 35 0.5 2 0 0
768 -1 366 5 11 24 50 0.6 0 0 0
769 14 366 2 24 27 58 0.3 2 0 1
770 40 366 6 14 5 35 0.1 2 0 0
771 49 367 7 16 18 50 0.3 2 0 0
772 27 367 1 27 29 38 0.3 2 0 0
773 -1 367 8 30 5 38 0.6 0 0 0
774 15 368 9 8 11 55 0.8 2 0 0
775 41 368 6 25 22 49 0.9 2 0 0
776 31 368 4 24 25 45 0.2 1 0 0
777 20 369 0 12 16 52 0.8 1 0 0
778 56 369 8 13 24 44 0.2 2 0 0
779 -1 370 4 17 13 49 0.1 0 0 0
780 34 371 7 17 9 39 0.3 2 0 0
781 53 372 0 19 12 54 0.3 2 0 0
782 39 372 0 27 28 37 0.9 1 0 0
783 -1 373 6 11 30 50 0.9 0 0 0
784 45 373 2 29 24 34 0.1 2 0 1
785 11 373 8 16 13 39 0.2 2 0 0
786 44 373 5 24 5 36 0.6 2 0 0
787 49 374 6 28 21 50 0.6 1 0 0
788 17 374 9 30 30 33 0.6 1 0 0
789 -1 374 6 17 30 57 0.7 0 0 0
790 33 374 0 16 15 58 0.3 1 0 0
791 11 375 7 29 16 34 0.5 2 0 0
792 40 375 3 30 15 49 0.6 1 1 0
793 -1 375 5 18 18 60 0.9 0 0 0
794 -1 375 8 28 7 58 0.1 0 0 0
795 15 376 2 19 13 46 0.6 2 0 0
796 50 376 6 5 20 32 0.5 1 0 0
797 14 377 4 9 6 31 0.7 2 1 0
798 44 378 1 12 6 54 0.3 2 0 0
799 -1 379 6 19 11 53 0.3 0 0 0
800 11 379 7 22 20 53 0.5 2 0 0
801 23 379 8 20 27 55 0.7 1 0 0
802 34 379 7 24 10 59 0.2 2 0 0
803 50 380 7 22 26 40 0.4 2 0 0
804 18 380 1 13 9 37 0.3 2 0 0
805 46 380 8 25 15 48 0.3 1 0 0
806 16 380 4 25 14 34 0.3 1 0 0
807 54 381 1 21 18 54 0.3 2 1 1
808 27 381 5 24 28 58 0.7 1 1 0
809 41 381 1 10 28 31 0.3 1 0 0
810 -1 381 5 10 11 44 0.1 0 0 0
811 -1 382 9 24 10 42 0.8 0 0 1
812 3 382 4 13 18 57 0.1 1 1 0
813 41 382 1 8 16 40 0.2 1 0 0
814 30 383 3 6 21 59 0.1 2 1 0
815 15 383 7 18 13 40 0.9 2 1 0
816 46 383 1 26 16 34 0.6 2 0 0
817 18 383 9 23 9 40 0.3 2 0 0
818 29 384 1 5 13 38 0.7 2 0 0
819 40 384 0 13 26 34 0.2 1 0 0
820 2 385 9 30 11 59 0.7 1 0 0
821 -1 385 2 25 7 59 0.7 0 0 0
822 4 385 1 27 18 46 0.9 1 0 0
823 25 386 6 20 18 49 0.5 2 0 0
824 5 387 1 27 11 58 0.3 2 1 0
825 -1 387 3 13 13 46 0.5 0 0 0
826 36 387 7 13 7 59 0.7 2 0 0
827 -1 387 3 7 9 33 0.8 0 0 0
828 -1 388 1 13 14 41 0.7 0 0 0
829 47 389 8 15 22 58 0.6 2 0 0
830 13 389 0 25 16 52 0.9 2 0 0
831 10 389 7 13 18 57 0.8 2 0 0
832 1 390 5 7 5 55 0.7 2 0 0
833 28 391 5 5 9 35 0.6 2 0 0
834 5 391 1 26 27 53 0.5 2 0 1
835 24 391 3 18 23 58 0.8 2 0 0
836 -1 392 9 10 6 57 0.1 0 0 0
837 53 392 6 10 12 59 0.3 1 0 0
838 33 392 7 17 18 36 0.1 2 0 0
839 50 393 5 5 21 34 0.5 2 0 0
840 39 393 6 26 22 37 0.3 2 0 0
841 23 394 3 24 5 36 0.8 2 0 0
842 57 394 4 19 18 31 0.4 2 0 0
843 11 395 1 5 13 54 0.4 2 0 0
844 36 395 6 21 13 32 0.1 2 0 0
845 5 395 7 18 22 55 0.7 1 0 0
846 51 396 1 22 30 37 0.2 2 0 0
847 23 396 3 6 17 56 0.8 2 0 0
848 40 396 6 28 25 31 0.9 1 1 0
849 47 396 3 9 5 58 0.1 2 0 0
850 31 397 8 12 27 40 0.1 1 0 1
851 5 398 8 20 16 45 0.4 2 0 0
852 27 398 7 16 16 60 0.5 1 0 0
853 55 398 9 25 19 52 0.8 2 0 0
854 26 398 3 18 28 37 0.6 2 1 0
855 43 399 3 16 25 52 0.4 2 0 0
856 -1 399 1 6 12 55 0.7 0 0 0
857 -1 399 0 22 7 40 0.1 0 0 0
858 12 399 6 29 12 55 0.5 2 0 0
859 16 400 2 28 19 33 0.2 2 0 0
860 22 400 5 21 25 44 0.3 2 0 0
861 15 400 5 14 13 33 0.6 2 0 0
862 45 401 1 13 14 54 0.6 2 0 0
863 -1 401 6 19 10 40 0.9 0 0 0
864 21 401 4 22 11 59 0.4 2 0 0
865 3 401 8 24 6 38 0.1 2 0 0
866 23 402 4 30 9 40 0.6 1 0 0
867 42 403 2 18 14 40 0.6 2 0 0
868 19 403 6 16 8 48 0.7 2 1 0
869 42 404 4 15 5 34 0.3 1 1 1
870 30 404 4 6 10 53 0.5 2 0 0
871 52 404 4 16 15 37 0.1 2 0 0
872 35 405 2 25 30 30 0.7 1 0 0
873 33 405 6 25 25 45 0.8 1 0 0
874 1 406 0 15 27 34 0.3 1 0 0
875 18 407 0 27 25 43 0.6 2 0 0
876 53 407 1 24 24 53 0.2 1 0 0
877 -1 407 1 8 15 60 0.6 0 0 0
878 23 408 4 16 14 38 0.6 2 0 0
879 17 409 4 20 22 48 0.6 2 0 0
880 2 409 2 13 14 52 0.9 1 0 1
881 34 410 4 28 17 33 0.9 2 0 0
882 8 410 6 8 24 40 0.7 2 0 0
883 16 411 5 12 10 40 0.5 2 0 0
884 -1 411 3 15 26 39 0.7 0 0 0
885 23 411 3 30 30 48 0.4 1 0 0
886 18 412 4 22 17 54 0.9 2 0 0
887 50 413 4 7 14 57 0.6 2 1 0
888 17 413 5 16 28 44 0.1 2 0 1
889 25 414 1 8 21 43 0.8 2 0 0
890 12 415 7 5 21 48 0.9 2 0 0
891 -1 415 4 30 14 45 0.8 0 0 0
892 46 415 7 28 10 38 0.5 1 0 0
893 1 415 7 16 12 40 0.3 2 0 0
894 34 416 7 12 27 48 0.5 2 0 1
895 39 416 8 20 11 45 0.7 2 0 0
896 13 416 0 12 11 35 0.5 2 0 0
897 53 417 3 16 9 54 0.9 2 0 0
898 27 418 5 14 11 36 0.5 2 1 0
899 32 418 1 13 12 55 0.7 1 0 0
900 30 418 0 15 8 57 0.3 2 1 0
901 38 419 6 29 10 52 0.7 2 0 0
902 42 419 5 17 27 55 0.8 2 0 0
903 5 420 9 5 7 43 0.6 2 0 0
904 55 420 6 17 9 33 0.3 2 0 0
905 23 420 7 29 24 35 0.8 2 0 0
906 13 421 5 14 13 49 0.7 1 0 0
907 30 421 8 17 6 55 0.1 1 0 0
908 22 421 0 13 9 55 0.1 2 0 0
909 -1 422 5 23 9 46 0.4 0 0 0
910 29 422 8 8 11 52 0.8 2 1 1
911 16 422 5 5 8 54 0.7 2 0 0
912 -1 423 1 19 12 48 0.6 0 1 0
913 24 423 7 5 28 52 0.6 1 0 0
914 -1 423 2 25 27 32 0.7 0 1 0
915 44 424 3 6 25 56 0.1 2 0 0
916 30 424 4 10 28 58 0.2 2 0 0
917 18 424 7 11 14 40 0.1 1 1 0
918 -1 424 2 30 10 32 0.1 0 0 0
919 7 425 0 28 30 40 0.5 2 0 0
920 -1 425 6 13 21 52 0.2 0 0 0
921 42 425 9 23 28 48 0.2 2 0 0
922 -1 426 9 14 26 60 0.2 0 0 0
923 -1 426 7 27 9 36 0.8 0 0 0
924 19 427 8 20 21 35 0.4 2 0 0
925 15 428 2 29 28 46 0.1 1 0 0
926 14 428 3 14 23 56 0.6 2 0 0
927 11 428 7 25 8 38 0.5 2 0 0
928 40 428 6 6 14 30 0.3 2 1 0
929 -1 429 7 28 10 59 0.7 0 0 1
930 42 429 5 18 21 55 0.8 2 0 0
931 43 430 0 5 21 40 0.4 2 0 0
932 30 430 6 15 7 32 0.5 2 0 0
933 15 431 1 17 9 59 0.1 2 0 0
934 35 431 0 12 26 50 0.6 2 0 0
935 55 432 9 13 18 39 0.8 2 1 0
936 4 432 0 25 6 43 0.1 2 1 0
937 44 432 2 23 30 40 0.5 2 0 1
938 3 432 8 10 8 42 0.4 1 0 0
939 13 433 8 11 27 44 0.9 1 0 0
940 9 433 0 20 5 54 0.3 2 0 0
941 -1 434 6 23 28 38 0.8 0 0 0
942 53 434 8 12 7 50 0.4 1 0 1
943 25 434 9 25 20 46 0.6 1 0 0
944 41 434 7 22 30 60 0.1 1 0 0
945 43 435 3 8 9 46 0.2 2 0 0
946 36 435 2 24 20 37 0.2 2 0 0
947 27 436 5 11 18 38 0.3 2 0 0
948 24 436 2 5 18 35 0.9 2 0 0
949 50 436 6 6 5 54 0.5 2 0 0
950 5 436 3 29 29 53 0.4 2 0 0
951 34 437 2 11 28 45 0.4 1 0 0
952 57 437 7 10 17 50 0.9 2 1 1
953 53 437 1 25 5 46 0.8 1 0 1
954 53 438 7 5 19 53 0.8 1 0 0
955 52 438 0 8 15 58 0.5 1 0 0
956 39 439 4 30 7 44 0.6 2 0 0
957 28 440 3 11 16 42 0.8 2 0 0
958 57 441 7 6 8 45 0.9 2 0 1
959 21 441 5 15 20 39 0.9 2 0 0
960 12 442 7 18 9 44 0.8 2 0 0
961 27 442 7 24 24 59 0.2 2 0 0
962 30 442 1 30 10 31 0.5 2 0 1
963 10 443 7 20 9 34 0.5 2 0 0
964 3 444 1 30 12 33 0.4 2 0 0
965 21 445 2 15 17 60 0.2 2 1 0
966 17 446 2 12 19 55 0.1 1 1 0
967 -1 446 2 28 8 41 0.1 0 0 0
968 28 447 5 25 27 52 0.2 2 1 0
969 37 448 9 27 28 47 0.8 2 0 0
970 53 448 1 8 30 57 0.2 1 1 0
971 16 448 0 25 25 34 0.4 2 0 0
972 -1 448 6 24 7 38 0.3 0 0 0
973 8 449 7 11 18 37 0.7 2 0 1
974 21 449 3 11 12 51 0.1 1 0 0
975 -1 449 6 13 19 50 0.1 0 0 0
976 55 450 6 16 25 34 0.9 1 1 0
977 17 450 7 11 7 34 0.1 2 0 1
978 56 450 2 8 8 38 0.6 2 0 0
979 51 451 1 20 22 32 0.7 1 0 0
980 7 451 2 11 15 54 0.8 2 0 0
981 -1 451 9 26 11 45 0.4 0 0 1
982 -1 451 9 20 11 43 0.7 0 0 0
983 35 452 1 28 29 46 0.7 2 0 0
984 27 453 5 20 28 50 0.3 2 0 0
985 38 453 1 14 23 49 0.6 2 0 0
986 -1 453 3 23 11 37 0.3 0 0 0
987 16 453 4 5 15 40 0.2 2 0 0
988 22 454 6 19 22 50 0.3 2 0 0
989 -1 454 1 17 13 46 0.2 0 0 1
990 36 454 9 23 12 37 0.7 2 1 0
991 31 455 0 22 21 59 0.1 2 0 0
992 -1 455 2 18 8 42 0.9 0 0 0
993 28 456 8 9 24 50 0.1 2 0 1
994 53 456 4 15 23 51 0.7 2 0 0
995 2 456 1 6 27 45 0.8 2 0 0
996 47 457 8 17 6 41 0.4 1 0 0
997 40 458 2 18 23 49 0.7 2 0 1
998 -1 458 8 9 21 38 0.1 0 0 0
999 -1 458 4 21 27 44 0.2 0 0 0
1000 -1 459 0 30 28 55 0.4 0 0 0
1001 47 459 8 14 13 52 0.1 1 0 0
1002 5 460 8 9 21 45 0.9 2 0 0
1003 -1 460 5 28 30 48 0.5 0 0 0
1004 28 460 3 30 9 60 0.8 1 0 0
1005 40 461 7 15 25 59 0.6 2 0 0
1006 18 461 2 5 8 59 0.3 2 1 0
1007 57 462 8 23 8 42 0.5 2 0 0
1008 -1 462 8 14 8 39 0.3 0 1 0
1009 1 463 0 25 11 40 0.1 2 0 0
1010 20 463 0 20 18 56 0.3 1 0 0
1011 35 463 3 7 9 60 0.9 2 0 0
1012 29 463 2 9 14 53 0.4 2 0 0
1013 43 464 4 16 5 55 0.1 2 1 0
1014 41 464 6 8 15 45 0.1 1 0 0
1015 32 465 4 16 11 33 0.4 2 0 0
1016 30 465 8 8 13 40 0.2 1 0 0
1017 3 465 9 12 22 60 0.3 2 0 1
1018 -1 465 0 25 24 49 0.3 0 0 0
1019 45 466 2 23 22 43 0.2 2 0 0
1020 25 467 6 24 17 39 0.3 2 0 0
1021 -1 467 7 13 11 60 0.3 0 0 0
1022 54 467 1 27 10 45 0.2 1 0 0
1023 1 467 2 7 16 55 0.7 2 0 0
1024 -1 468 5 23 22 36 0.5 0 0 0
1025 30 468 9 10 18 54 0.3 1 0 0
1026 18 468 6 29 10 58 0.6 2 0 1
1027 20 468 7 8 16 44 0.7 2 0 0
1028 -1 469 4 22 24 43 0.6 0 0 0
1029 34 469 7 19 29 47 0.1 2 0 0
1030 30 470 1 19 19 36 0.7 1 0 0
1031 22 470 0 26 5 35 0.5 2 0 0
1032 -1 471 8 8 12 59 0.3 0 0 1
1033 -1 472 0 23 17 55 0.9 0 1 0
1034 55 472 4 14 16 36 0.7 1 0 0
1035 4 472 4 11 23 55 0.7 2 0 1
1036 -1 472 1 20 22 53 0.8 0 0 0
1037 -1 473 8 29 10 54 0.8 0 0 0
1038 27 473 7 30 5 45 0.9 2 0 0
1039 21 474 1 5 26 47 0.9 2 0 0
1040 49 475 9 16 18 51 0.4 1 0 0
1041 24 475 1 16 6 49 0.5 2 0 0
1042 32 475 7 21 12 53 0.2 2 0 0
1043 46 475 1 29 29 30 0.1 2 0 0
1044 38 476 2 22 25 52 0.2 2 0 0
1045 -1 477 4 14 6 57 0.6 0 0 0
1046 -1 477 9 13 28 42 0.1 0 0 0
1047 13 478 1 14 14 50 0.2 2 0 0
1048 24 479 9 22 29 36 0.9 1 0 0
1049 -1 479 6 16 20 41 0.4 0 0 0
1050 56 480 0 25 5 42 0.1 2 0 0
1051 11 480 6 20 16 59 0.2 2 0 0
1052 35 480 1 30 11 44 0.6 2 0 1
1053 12 480 1 19 24 40 0.6 2 0 0
1054 49 481 9 12 29 31 0.4 2 0 0
1055 21 481 6 26 20 35 0.7 2 0 0
1056 1 481 1 28 29 39 0.6 2 0 0
1057 9 482 2 7 8 59 0.6 2 1 0
1058 56 482 2 26 18 39 0.5 2 0 0
1059 -1 483 7 22 26 54 0.5 0 0 0
1060 50 484 1 26 14 37 0.5 2 0 0
1061 -1 484 0 14 28 50 0.7 0 0 0
1062 46 485 0 14 9 55 0.3 2 0 0
1063 8 486 1 14 28 54 0.3 2 0 1
1064 2 486 3 5 9 52 0.1 2 0 0
1065 27 486 9 14 25 44 0.4 2 1 0
1066 38 487 0 7 10 51 0.4 1 1 0
1067 -1 487 4 22 23 58 0.7 0 0 0
1068 42 488 3 11 18 37 0.1 2 0 0
1069 54 488 9 28 28 38 0.6 1 0 0
1070 -1 488 6 22 28 41 0.4 0 0 1
1071 19 489 5 21 22 39 0.8 2 0 0
1072 23 489 3 22 27 51 0.4 1 0 0
1073 11 490 0 6 15 37 0.9 1 1 1
1074 38 490 7 29 25 49 0.6 2 0 1
1075 1 490 4 9 28 43 0.7 1 0 0
1076 43 490 3 19 22 36 0.3 2 0 0
1077 38 491 8 29 7 52 0.8 2 0 0
1078 -1 492 6 7 7 40 0.6 0 0 0
1079 52 492 2 7 6 31 0.5 1 0 0
1080 28 492 6 15 21 36 0.1 1 0 0
1081 20 492 3 8 8 43 0.7 2 0 0
1082 -1 493 9 24 18 52 0.4 0 0 0
1083 17 493 1 18 25 51 0.9 2 0 0
1084 21 493 0 21 24 59 0.5 1 0 1
1085 12 494 5 13 12 54 0.4 2 0 0
1086 56 494 8 8 27 48 0.3 2 0 0
1087 15 494 6 6 6 33 0.6 2 0 0
1088 25 495 5 26 22 32 0.5 2 0 0
1089 34 495 1 21 14 45 0.8 2 1 0
1090 43 496 6 30 7 50 0.8 2 0 0
1091 31 497 0 18 27 50 0.1 2 0 0
1092 56 497 5 6 10 39 0.1 2 0 0
1093 1 498 3 17 27 56 0.7 2 0 0
1094 -1 498 5 27 14 32 0.2 0 0 0
1095 10 498 2 25 8 41 0.2 1 0 0
1096 23 499 0 29 11 40 0.5 1 0 1
1097 32 500 8 10 5 45 0.3 2 0 0
1098 29 500 5 13 24 41 0.6 2 0 0
1099 -1 501 2 9 25 30 0.2 0 0 0
1100 -1 501 7 16 6 35 0.1 0 0 0
1101 48 501 9 29 16 33 0.1 2 0 1
1102 16 501 0 29 11 38 0.3 2 0 0
1103 9 502 5 30 12 55 0.9 2 0 0
1104 36 502 7 10 11 53 0.5 1 0 0
1105 -1 502 0 24 27 58 0.2 0 0 0
1106 15 503 3 20 19 38 0.5 2 0 0
1107 37 503 1 29 26 54 0.5 2 0 0
1108 46 504 5 14 22 44 0.9 1 0 0
1109 7 504 7 12 5 38 0.7 1 0 0
1110 51 504 0 29 29 45 0.5 2 0 0
1111 6 505 0 16 10 60 0.8 2 1 1
1112 18 506 8 20 5 40 0.7 2 0 0
1113 -1 506 2 16 25 57 0.6 0 1 0
1114 47 507 6 9 18 59 0.2 2 0 0
1115 -1 507 5 23 16 54 0.1 0 0 1
1116 1 507 6 22 19 53 0.6 2 0 0
1117 41 507 5 16 13 60 0.1 2 0 0
1118 -1 508 9 30 6 50 0.8 0 0 0
1119 47 509 4 6 13 58 0.6 2 0 0
1120 15 510 1 27 25 54 0.2 1 0 0
1121 55 510 2 8 15 42 0.9 2 0 0
1122 12 510 6 20 11 57 0.2 2 0 0
1123 -1 511 4 13 28 37 0.7 0 0 0
1124 10 511 8 11 8 32 0.4 2 0 0
1125 -1 511 5 21 18 43 0.4 0 0 0
1126 21 512 4 23 14 57 0.1 2 0 0
1127 41 512 9 13 14 42 0.5 2 0 0
1128 49 513 5 13 26 43 0.8 2 0 0
1129 32 513 1 12 29 31 0.3 2 0 0
1130 31 514 9 5 6 42 0.9 2 0 0
1131 -1 514 5 8 8 46 0.4 0 0 0
1132 -1 514 4 13 6 52 0.5 0 0 0
1133 36 515 0 25 5 58 0.1 2 0 0
1134 -1 516 9 14 23 45 0.4 0 0 0
1135 31 517 5 28 17 55 0.9 2 0 0
1136 26 517 8 21 24 36 0.4 2 1 0
1137 22 518 5 13 18 43 0.9 2 0 0
1138 8 518 2 19 18 32 0.3 2 0 0
1139 41 519 3 9 28 41 0.5 2 0 0
1140 29 519 2 5 15 49 0.2 1 0 0
1141 27 520 2 5 28 32 0.9 2 0 0
1142 6 520 0 8 26 51 0.4 2 0 0
1143 10 520 8 29 24 48 0.3 2 0 0
1144 55 521 7 16 5 36 0.2 2 0 0
1145 32 522 0 30 12 58 0.2 1 0 0
1146 23 522 2 8 21 57 0.1 2 0 1
1147 14 523 0 13 19 59 0.7 2 0 0
1148 2 524 7 12 11 33 0.9 1 0 1
1149 43 525 0 15 14 37 0.4 2 0 0
1150 30 526 4 24 27 55 0.7 2 0 0
1151 -1 527 1 13 27 53 0.3 0 0 0
1152 17 528 2 20 12 58 0.5 1 0 0
1153 18 528 4 11 14 41 0.1 2 0 0
1154 29 528 9 22 10 60 0.2 2 1 0
1155 13 529 4 7 15 44 0.3 2 0 0
1156 46 529 3 8 16 53 0.9 2 0 0
1157 3 529 7 18 23 41 0.5 2 0 0
1158 44 529 1 6 16 41 0.3 2 0 0
1159 11 530 0 11 20 39 0.7 1 0 0
1160 19 530 7 24 26 49 0.6 2 0 0
1161 3 530 4 12 14 60 0.8 2 0 0
1162 12 531 7 25 21 40 0.3 1 0 0
1163 29 531 2 22 16 36 0.2 2 0 0
1164 32 531 9 28 17 44 0.4 2 0 0
1165 39 532 1 15 24 39 0.3 2 0 0
1166 32 532 1 22 25 41 0.4 2 0 0
1167 29 532 5 5 18 49 0.1 2 1 0
1168 -1 533 7 7 25 32 0.6 0 0 0
1169 51 533 8 13 27 50 0.6 2 0 0
1170 47 533 2 21 14 60 0.5 2 0 0
1171 13 534 9 22 26 55 0.4 1 0 0
1172 -1 534 0 12 20 42 0.5 0 0 0
1173 -1 534 4 26 8 32 0.3 0 0 0
1174 31 535 1 25 12 56 0.9 1 0 0
1175 -1 536 5 18 24 40 0.3 0 0 0
1176 -1 536 8 20 11 52 0.7 0 0 0
1177 31 536 1 6 17 37 0.9 1 0 0
1178 26 537 1 20 13 41 0.8 2 0 1
1179 6 537 7 5 26 59 0.4 2 0 0
1180 -1 537 4 19 10 39 0.6 0 0 0
1181 -1 538 1 19 28 52 0.1 0 0 0
1182 26 539 3 18 7 55 0.6 2 0 0
1183 -1 539 0 25 24 32 0.4 0 0 0
1184 14 539 8 19 11 48 0.4 2 0 0
1185 27 540 2 25 19 47 0.4 2 0 0
1186 8 540 1 28 12 40 0.6 2 0 0
1187 -1 541 0 23 28 39 0.6 0 0 0
1188 56 541 0 13 9 30 0.1 1 0 0
1189 5 541 2 8 11 32 0.6 2 0 0
1190 -1 542 5 30 6 51 0.9 0 0 0
1191 9 542 0 29 15 51 0.8 2 0 0
1192 33 542 8 18 30 34 0.7 2 0 0
1193 -1 542 2 24 17 60 0.8 0 0 0
1194 31 543 2 21 11 49 0.2 2 0 0
1195 15 543 6 15 24 35 0.4 2 1 0
1196 36 544 7 10 20 34 0.9 2 0 0
1197 39 544 7 7 28 53 0.9 2 0 0
1198 8 544 1 16 25 42 0.8 2 0 0
1199 37 544 6 30 14 37 0.4 2 0 0
1200 34 545 3 17 22 39 0.5 2 0 0
1201 52 546 5 16 23 32 0.3 2 0 0
1202 -1 547 4 24 24 31 0.3 0 0 0
1203 10 547 0 27 11 30 0.3 1 0 0
1204 13 547 0 13 8 53 0.7 2 0 0
1205 30 547 3 7 23 33 0.1 2 1 0
1206 2 548 0 8 9 53 0.9 1 1 0
1207 35 549 3 11 17 31 0.3 1 0 1
1208 47 550 7 26 30 31 0.4 2 0 0
1209 45 551 3 17 8 53 0.7 2 0 0
1210 36 551 0 13 8 47 0.6 1 0 0
1211 -1 552 7 25 6 40 0.7 0 0 0
1212 -1 552 5 14 13 54 0.5 0 0 0
1213 16 552 0 27 18 41 0.3 1 0 0
1214 36 553 2 6 30 43 0.8 2 0 0
1215 32 553 3 14 20 60 0.5 1 0 0
1216 29 553 6 10 30 44 0.8 2 0 0
1217 12 553 7 19 5 53 0.3 1 0 0
1218 48 554 5 16 18 48 0.5 1 0 0
1219 1 554 9 17 21 50 0.9 1 0 0
1220 10 554 4 25 12 58 0.9 1 0 0
1221 17 555 3 23 16 51 0.9 2 0 0
1222 48 556 1 20 23 42 0.7 2 0 0
1223 -1 556 9 21 19 47 0.4 0 0 0
1224 -1 557 1 25 8 59 0.7 0 0 0
1225 23 557 5 19 19 51 0.1 2 0 0
1226 54 557 0 12 30 44 0.8 2 0 1
1227 11 558 2 16 17 58 0.2 1 0 1
1228 -1 558 8 10 28 44 0.2 0 0 1
1229 46 558 3 6 18 48 0.2 1 0 0
1230 28 558 9 24 24 42 0.7 2 0 0
1231 23 559 5 7 23 58 0.8 2 0 0
1232 2 559 6 17 30 36 0.7 1 0 0
1233 -1 559 6 10 25 58 0.9 0 1 0
1234 28 559 3 18 28 60 0.5 2 0 0
1235 34 560 6 25 20 45 0.7 2 0 0
1236 32 560 3 16 15 52 0.1 1 0 0
1237 14 561 2 24 19 39 0.4 2 0 1
1238 31 561 8 30 24 54 0.9 2 0 0
1239 52 561 3 23 12 56 0.5 1 0 1
1240 39 561 2 28 7 38 0.9 2 0 0
1241 46 562 1 29 27 54 0.4 2 0 1
1242 23 562 7 30 28 45 0.6 2 0 0
1243 17 562 1 23 23 31 0.4 2 0 0
1244 30 563 4 17 7 49 0.8 2 0 0
1245 25 563 3 16 29 49 0.3 2 0 0
1246 14 564 9 16 5 54 0.3 2 0 0
1247 21 565 9 6 30 56 0.5 2 0 0
1248 48 565 5 29 19 59 0.2 1 0 0
1249 7 565 1 11 22 58 0.1 1 0 0
1250 28 566 7 17 20 50 0.6 1 0 0
1251 39 566 1 10 30 37 0.3 2 0 0
1252 -1 567 3 9 24 39 0.8 0 0 0
1253 25 567 2 20 13 52 0.2 2 0 0
1254 52 568 6 21 8 40 0.3 2 0 0
1255 26 568 7 12 10 36 0.1 2 1 0
1256 29 568 9 28 15 57 0.9 2 0 0
1257 -1 568 0 7 24 33 0.9 0 0 0
1258 15 569 8 16 16 44 0.7 2 0 0
1259 14 570 7 18 18 42 0.6 1 0 0
1260 28 570 3 14 9 58 0.8 2 0 0
1261 10 570 8 11 13 30 0.9 1 0 0
1262 47 570 4 17 26 37 0.4 2 0 0
1263 43 571 8 28 21 38 0.9 2 0 0
1264 48 571 9 13 26 35 0.8 2 0 0
1265 26 571 1 26 18 32 0.1 2 1 0
1266 22 572 4 23 7 59 0.5 1 0 0
1267 6 572 5 30 8 53 0.6 2 1 0
1268 -1 572 5 8 9 49 0.7 0 0 1
1269 24 572 9 10 25 43 0.7 1 0 0
1270 24 573 6 14 7 30 0.1 1 0 0
1271 20 573 1 21 17 42 0.5 2 0 0
1272 2 573 6 14 18 60 0.4 1 0 0
1273 15 574 3 29 5 51 0.3 1 0 0
1274 -1 574 4 25 8 36 0.1 0 0 1
1275 -1 574 9 17 5 45 0.6 0 0 0
1276 -1 575 2 22 6 34 0.2 0 0 0
1277 3 575 6 15 7 53 0.9 2 1 0
1278 35 576 9 24 30 46 0.8 2 0 0
1279 26 576 0 19 15 42 0.5 2 0 0
1280 23 577 6 26 30 59 0.7 2 0 0
1281 47 577 6 19 30 31 0.5 2 0 1
1282 44 577 1 20 6 44 0.5 2 0 0
1283 31 577 4 30 10 35 0.1 2 0 0
1284 -1 578 6 30 29 53 0.9 0 0 0
1285 -1 578 9 19 21 39 0.2 0 0 0
1286 -1 578 8 12 21 59 0.5 0 0 0
1287 -1 578 7 25 21 33 0.9 0 0 0
1288 38 579 3 12 28 54 0.6 2 0 0
1289 13 579 2 28 19 43 0.7 2 0 0
1290 -1 579 4 7 7 53 0.7 0 0 0
1291 27 580 9 21 21 53 0.6 2 0 0
1292 17 580 8 30 15 58 0.2 2 0 0
1293 15 580 8 22 29 49 0.3 1 0 0
1294 19 581 6 24 6 56 0.7 2 0 0
1295 17 581 4 26 30 54 0.8 1 0 1
1296 44 582 9 22 18 38 0.4 2 1 0
1297 33 583 8 20 9 52 0.9 2 0 0
1298 44 583 6 23 27 41 0.6 2 0 0
1299 -1 584 8 23 11 48 0.6 0 0 0
1300 -1 584 1 27 22 42 0.6 0 0 0
1301 24 584 4 11 27 42 0.3 2 0 0
1302 47 585 3 12 10 47 0.1 1 0 0
1303 40 585 9 30 25 32 0.8 2 0 0
1304 28 585 9 28 7 47 0.3 2 0 0
1305 20 585 5 26 11 47 0.2 2 0 0
1306 57 586 4 6 28 55 0.7 2 0 0
1307 11 586 2 26 18 48 0.9 2 0 0
1308 -1 587 8 21 22 46 0.2 0 0 0
1309 -1 587 2 25 14 43 0.9 0 1 0
1310 39 587 6 18 9 37 0.1 2 0 1
1311 46 587 3 12 7 37 0.4 2 0 0
1312 47 588 6 6 23 53 0.8 2 0 0
1313 17 588 3 28 27 52 0.5 2 0 1
1314 8 588 6 25 18 35 0.1 2 1 0
1315 12 588 8 11 26 34 0.1 2 0 0
1316 54 589 5 11 17 38 0.4 2 0 0
1317 22 589 0 21 12 56 0.1 2 0 0
1318 44 590 2 19 29 46 0.8 2 0 0
1319 -1 591 4 24 12 42 0.7 0 0 0
1320 46 591 5 19 18 57 0.2 1 0 0
1321 13 592 6 22 15 55 0.7 1 0 0
1322 56 593 6 11 26 52 0.7 2 0 0
1323 -1 593 7 25 19 46 0.9 0 0 0
1324 54 594 0 30 19 40 0.9 2 0 0
1325 55 595 7 5 10 56 0.5 2 0 0
1326 34 595 4 20 23 44 0.5 2 0 0
1327 -1 595 0 28 5 48 0.5 0 0 0
1328 34 596 7 17 11 44 0.3 1 0 0
1329 57 596 5 26 14 56 0.7 2 0 1
1330 37 596 7 15 6 38 0.4 2 0 0
1331 12 597 8 23 21 55 0.6 1 0 0
1332 11 598 7 28 28 48 0.2 2 1 0
1333 32 598 6 6 14 60 0.7 2 0 0
1334 9 598 4 15 23 50 0.7 1 0 0
1335 41 599 1 19 19 54 0.3 2 1 0
1336 13 599 7 9 18 58 0.2 2 0 0
1337 22 600 6 30 9 40 0.2 2 0 0
1338 11 600 9 29 22 46 0.8 1 0 0
1339 56 600 1 25 15 44 0.7 2 0 0
1340 12 600 9 6 27 44 0.7 2 0 1
1341 -1 601 2 19 29 40 0.2 0 0 0
1342 36 602 0 23 23 40 0.9 1 1 0
1343 50 603 2 17 9 56 0.5 1 0 1
1344 28 603 0 25 27 46 0.7 2 0 0
1345 -1 603 8 24 13 31 0.4 0 0 1
1346 -1 603 9 30 21 38 0.3 0 0 0
1347 54 604 4 21 25 36 0.4 2 0 0
1348 -1 604 7 25 23 47 0.7 0 0 1
1349 -1 605 4 23 22 31 0.2 0 0 0
1350 -1 605 4 12 22 44 0.3 0 0 0
1351 14 606 3 26 5 46 0.1 2 0 0
1352 29 607 0 7 10 33 0.6 2 0 0
1353 24 608 0 6 11 48 0.6 2 0 0
1354 43 609 0 14 7 30 0.1 1 0 0
1355 17 609 7 10 24 50 0.6 1 0 1
1356 37 610 1 12 25 33 0.8 2 0 0
1357 45 610 6 29 18 35 0.3 2 0 0
1358 53 611 4 10 12 37 0.8 1 0 0
1359 35 611 8 21 27 46 0.3 2 0 1
1360 15 611 7 28 19 60 0.2 2 0 0
1361 37 612 0 19 6 50 0.1 2 1 1
1362 45 613 3 14 11 36 0.2 2 0 0
1363 44 613 0 27 6 47 0.3 1 0 0
1364 55 613 5 26 11 55 0.9 2 0 0
1365 42 613 5 22 10 48 0.4 2 0 0
1366 -1 614 1 22 15 44 0.5 0 0 0
1367 50 615 9 22 12 32 0.7 2 0 0
1368 -1 615 9 30 30 57 0.6 0 0 1
1369 48 615 1 18 7 42 0.2 2 0 0
1370 11 616 4 24 23 53 0.3 1 0 0
1371 -1 616 3 5 26 56 0.1 0 0 0
1372 -1 616 4 16 19 32 0.7 0 0 0
1373 36 617 9 10 10 30 0.7 1 0 1
1374 27 617 3 14 28 51 0.8 2 0 0
1375 49 617 4 30 17 33 0.3 2 0 0
1376 43 617 9 8 18 47 0.7 2 0 0
1377 5 618 4 24 20 39 0.8 2 0 0
1378 43 618 3 30 7 39 0.9 2 0 0
1379 52 619 3 6 18 49 0.1 1 0 0
1380 10 619 1 28 16 57 0.3 2 0 0
1381 19 620 4 30 28 57 0.7 2 0 0
1382 10 621 8 26 6 48 0.5 2 0 0
1383 5 621 3 9 29 47 0.4 2 0 0
1384 26 621 3 10 26 36 0.6 2 0 0
1385 24 622 8 28 7 45 0.6 1 0 0
1386 57 622 1 12 26 49 0.7 2 1 0
1387 41 622 4 18 11 42 0.7 2 0 0
1388 -1 622 5 12 23 57 0.2 0 0 0
1389 24 623 6 11 28 34 0.4 2 0 0
1390 37 623 8 23 6 51 0.4 1 0 0
1391 14 623 7 30 5 42 0.4 2 0 0
1392 15 623 5 30 16 60 0.5 2 0 0
1393 16 624 6 26 26 46 0.7 2 0 0
1394 17 624 2 19 20 37 0.2 1 0 0
1395 20 625 4 5 6 59 0.6 2 0 0
1396 -1 626 7 8 8 49 0.9 0 1 1
1397 43 627 2 18 27 34 0.5 2 0 0
1398 42 628 7 16 13 55 0.4 2 0 0
1399 16 628 0 13 21 44 0.8 1 1 0
1400 5 628 1 27 5 39 0.7 2 0 0
1401 23 629 0 7 9 32 0.4 1 0 0
1402 45 629 5 25 20 58 0.4 1 0 1
1403 49 630 6 28 24 47 0.3 2 0 1
1404 -1 630 6 22 16 57 0.4 0 0 0
1405 52 631 5 17 22 57 0.9 2 0 0
1406 3 632 3 29 24 36 0.2 1 0 0
1407 -1 632 3 12 26 52 0.6 0 0 0
1408 28 633 3 22 28 50 0.5 2 0 0
1409 1 634 1 25 25 58 0.2 2 0 1
1410 4 634 2 30 21 31 0.2 2 0 0
1411 22 634 7 13 29 38 0.6 2 0 0
1412 30 634 5 10 22 55 0.9 2 0 0
1413 -1 635 4 7 22 54 0.2 0 0 0
1414 34 635 2 28 15 43 0.9 1 0 0
1415 -1 635 7 16 18 55 0.6 0 0 0
1416 54 636 7 24 8 41 0.4 2 0 0
1417 -1 637 3 6 8 57 0.2 0 0 0
1418 28 638 8 14 12 45 0.6 2 0 1
1419 14 638 6 21 19 47 0.4 2 0 0
1420 43 638 1 17 30 31 0.6 2 0 0
1421 52 639 7 30 5 33 0.4 1 0 0
1422 15 639 1 20 27 60 0.7 2 0 0
1423 44 639 6 5 5 30 0.7 1 0 0
1424 10 640 3 30 14 58 0.1 2 0 1
1425 -1 640 5 16 6 50 0.4 0 0 0
1426 -1 641 6 7 19 42 0.4 0 0 0
1427 51 641 0 29 26 57 0.2 2 0 0
1428 45 641 4 15 5 47 0.6 1 0 1
1429 29 641 1 16 14 45 0.4 1 0 0
1430 -1 642 2 25 19 59 0.9 0 0 0
1431 11 642 0 17 13 37 0.6 1 0 0
1432 1 642 7 21 24 54 0.1 2 0 0
1433 8 642 9 8 30 35 0.6 2 0 0
1434 29 643 8 29 6 32 0.5 1 1 0
1435 45 643 1 15 9 30 0.7 2 0 0
1436 10 644 6 24 27 57 0.3 2 0 0
1437 43 644 6 12 17 46 0.8 2 0 0
1438 2 644 8 17 18 55 0.1 2 0 1
1439 -1 644 9 26 7 40 0.6 0 0 0
1440 14 645 0 6 9 30 0.5 2 0 0
1441 35 645 8 21 6 59 0.8 2 0 0
1442 44 645 8 13 14 37 0.1 1 0 0
1443 17 645 1 17 9 58 0.3 2 0 0
1444 14 646 1 7 10 48 0.8 2 0 0
1445 -1 646 3 22 15 53 0.9 0 0 0
1446 3 646 1 6 14 45 0.7 2 0 0
1447 57 647 5 26 20 38 0.6 2 0 0
1448 44 647 3 6 29 50 0.1 2 0 1
1449 42 647 3 13 14 38 0.1 2 0 0
1450 46 647 3 28 9 32 0.6 2 0 0
1451 -1 648 4 12 14 30 0.5 0 1 0
1452 7 649 9 21 5 35 0.5 1 0 0
1453 52 649 1 6 25 39 0.8 2 0 0
1454 43 649 9 29 25 50 0.4 2 0 0
1455 12 650 6 19 30 44 0.6 2 0 0
1456 52 650 4 10 23 58 0.6 1 0 1
1457 4 650 4 23 17 39 0.5 1 0 0
1458 47 650 0 6 5 59 0.8 2 0 1
1459 11 651 6 14 5 50 0.5 2 0 0
1460 -1 651 9 18 19 46 0.6 0 0 0
1461 48 652 8 24 20 43 0.4 1 0 0
1462 53 652 6 11 9 30 0.3 1 0 1
1463 3 652 6 18 20 45 0.7 2 0 0
1464 42 652 9 24 16 58 0.7 1 1 0
1465 -1 653 6 14 29 34 0.6 0 0 0
1466 43 654 1 25 27 48 0.9 2 0 0
1467 30 654 5 15 8 35 0.4 2 0 0
1468 29 654 4 12 23 47 0.2 2 1 0
1469 5 655 7 23 19 41 0.3 2 0 0
1470 12 655 7 11 23 40 0.1 1 0 0
1471 56 655 8 27 15 35 0.8 2 0 1
1472 53 656 0 11 13 31 0.8 2 0 0
1473 24 657 9 7 6 56 0.3 2 0 0
1474 -1 658 0 23 29 43 0.2 0 0 0
1475 27 659 0 15 27 47 0.2 2 0 0
1476 11 659 9 13 10 55 0.2 2 0 0
1477 45 659 1 13 30 55 0.3 2 0 1
1478 55 659 2 26 27 34 0.8 2 0 0
1479 8 660 0 18 10 30 0.7 2 0 0
1480 14 661 1 26 5 51 0.2 1 0 1
1481 27 661 8 26 28 38 0.8 1 0 0
1482 9 662 9 5 14 36 0.4 1 1 0
1483 57 663 8 23 29 40 0.5 2 0 0
1484 -1 663 1 14 23 42 0.7 0 1 0
1485 45 663 4 30 24 31 0.7 2 0 0
1486 15 664 2 23 30 42 0.5 1 0 0
1487 9 664 1 5 10 33 0.2 2 0 0
1488 16 664 6 21 15 41 0.4 1 0 0
1489 51 665 7 16 8 56 0.4 1 0 0
1490 25 665 0 16 19 41 0.2 2 0 0
1491 21 666 9 5 16 55 0.6 2 0 0
1492 48 666 9 7 23 60 0.8 2 0 0
1493 -1 667 1 27 27 58 0.3 0 0 0
1494 36 667 2 9 18 51 0.6 2 0 0
1495 40 667 5 8 10 51 0.1 2 0 0
1496 43 667 7 17 24 54 0.8 2 0 0
1497 -1 668 1 10 5 31 0.5 0 0 0
1498 18 668 9 20 27 45 0.6 2 0 0
1499 3 668 7 9 29 41 0.7 2 0 0
1500 -1 668 5 20 26 44 0.2 0 0 0
1501 15 669 6 5 8 45 0.5 1 1 0
1502 40 669 5 11 16 50 0.1 2 0 0
1503 -1 669 3 27 5 45 0.5 0 0 0
1504 36 670 3 16 25 33 0.1 1 0 1
1505 50 670 1 11 23 56 0.3 2 0 0
1506 56 670 0 23 18 45 0.8 1 0 0
1507 -1 671 7 16 19 43 0.7 0 0 0
1508 -1 671 8 20 10 39 0.9 0 0 0
1509 -1 671 1 17 26 57 0.8 0 0 0
1510 41 671 3 29 16 54 0.8 2 0 0
1511 4 672 6 6 22 34 0.7 2 0 0
1512 31 672 5 21 29 46 0.3 2 0 0
1513 57 672 6 16 30 52 0.5 2 0 0
1514 9 673 5 25 13 48 0.8 2 0 0
1515 53 673 0 8 29 38 0.8 2 0 0
1516 43 673 0 20 12 33 0.4 2 0 0
1517 -1 673 6 27 29 53 0.6 0 1 0
1518 23 674 9 8 17 53 0.9 2 0 0
1519 55 674 1 22 18 38 0.9 2 0 0
1520 10 675 9 25 14 37 0.7 2 1 0
1521 44 675 8 15 19 55 0.9 2 0 0
1522 -1 675 4 19 25 33 0.8 0 0 0
1523 16 675 3 7 12 37 0.2 1 0 0
1524 31 676 3 14 16 44 0.3 1 0 0
1525 -1 676 0 23 6 43 0.9 0 0 0
1526 7 677 7 13 27 39 0.4 2 0 0
1527 57 677 5 17 19 36 0.8 2 1 0
1528 43 678 4 26 13 39 0.6 2 0 0
1529 45 679 4 10 16 46 0.6 2 0 0
1530 7 679 6 22 16 48 0.4 2 0 0
1531 34 679 7 27 5 53 0.4 2 0 0
1532 53 680 9 14 26 37 0.6 2 0 0
1533 21 680 8 14 6 59 0.4 1 0 0
1534 33 680 8 9 29 45 0.6 1 0 0
1535 16 681 1 15 22 47 0.9 1 0 0
1536 31 682 9 20 7 31 0.5 2 0 0
1537 29 682 0 26 13 54 0.1 2 0 0
1538 17 682 3 24 8 52 0.3 2 0 0
1539 26 682 5 27 26 45 0.1 2 0 1
1540 21 683 1 16 15 55 0.6 2 1 0
1541 -1 683 4 26 29 41 0.2 0 0 0
1542 8 683 1 22 11 36 0.6 1 0 1
1543 50 684 8 8 17 47 0.2 2 1 0
1544 -1 685 2 19 28 42 0.4 0 0 0
1545 -1 686 5 11 5 56 0.4 0 0 0
1546 54 687 4 11 12 48 0.2 2 0 0
1547 -1 687 9 28 8 35 0.7 0 0 0
1548 28 687 6 20 21 43 0.5 2 0 0
1549 -1 688 5 6 16 30 0.5 0 0 0
1550 33 688 8 7 12 42 0.4 1 0 0
1551 -1 689 6 5 24 53 0.5 0 0 0
1552 54 689 2 13 22 51 0.8 1 0 0
1553 34 690 4 17 18 56 0.1 2 1 0
1554 -1 690 6 17 7 43 0.5 0 0 0
1555 44 691 0 9 30 49 0.3 2 0 0
1556 28 691 9 8 20 30 0.1 2 0 0
1557 1 692 4 21 15 44 0.5 2 0 1
1558 55 692 8 16 23 50 0.3 2 0 0
1559 6 693 8 18 15 39 0.6 2 0 0
1560 43 694 5 21 22 41 0.5 2 0 0
1561 5 694 1 19 27 60 0.8 2 0 0
1562 34 694 2 5 6 32 0.5 2 0 0
1563 11 695 4 13 28 39 0.4 1 0 0
1564 2 696 6 18 26 59 0.7 2 0 0
1565 19 696 0 8 10 57 0.6 1 0 1
1566 -1 696 4 28 26 48 0.5 0 0 0
1567 -1 696 6 16 25 34 0.5 0 0 0
1568 30 697 0 24 6 38 0.5 2 0 0
1569 13 697 1 24 26 55 0.8 2 0 0
1570 -1 697 1 8 19 59 0.2 0 0 0
1571 5 698 3 18 18 38 0.8 2 1 1
1572 -1 698 6 8 21 45 0.4 0 0 0
1573 51 698 5 12 30 57 0.9 2 0 0
1574 49 699 2 25 5 46 0.7 2 0 0
1575 45 699 4 8 23 40 0.7 2 0 0
1576 6 699 0 9 29 53 0.2 1 0 0
1577 24 699 0 6 19 59 0.7 1 0 0
1578 -1 700 8 23 8 50 0.2 0 1 0
1579 43 700 0 17 20 33 0.2 1 1 0
1580 29 700 6 23 9 31 0.5 1 0 0
1581 -1 700 9 16 6 58 0.5 0 1 0
1582 14 701 2 26 29 30 0.6 2 0 0
1583 32 702 0 23 20 44 0.1 2 0 0
1584 5 702 9 7 19 47 0.8 2 0 0
1585 4 702 2 26 11 55 0.8 2 0 0
1586 35 702 5 15 23 33 0.6 2 0 0
1587 36 703 2 19 28 41 0.1 2 0 0
1588 21 703 8 17 23 30 0.3 2 0 0
1589 14 704 8 27 6 33 0.1 1 0 0
1590 3 704 7 26 25 51 0.6 1 0 0
1591 12 704 7 18 7 53 0.2 2 0 0
1592 7 704 0 20 30 55 0.4 1 0 0
1593 53 705 5 11 6 34 0.6 2 0 0
1594 37 706 9 13 16 59 0.1 2 0 0
1595 -1 706 6 25 8 38 0.8 0 0 0
1596 12 707 6 29 29 32 0.5 2 0 0
1597 15 708 4 14 21 57 0.4 2 0 0
1598 41 708 6 10 11 42 0.8 1 0 0
1599 43 708 6 12 16 37 0.2 1 0 0
1600 57 709 0 23 7 49 0.3 2 1 0
1601 -1 709 8 20 5 48 0.1 0 0 0
1602 50 709 7 10 16 42 0.1 2 0 0
1603 -1 709 0 8 23 34 0.9 0 0 0
1604 31 710 9 23 19 37 0.9 1 0 0
1605 28 710 3 18 7 41 0.5 2 0 0
1606 38 710 0 8 24 39 0.9 2 0 0
1607 2 711 0 10 20 40 0.7 2 1 0
1608 15 711 6 6 21 54 0.8 2 1 0
1609 55 711 8 20 7 32 0.6 2 0 1
1610 4 711 3 19 25 41 0.1 1 0 0
1611 39 712 8 10 16 50 0.4 1 0 0
1612 -1 712 6 26 5 32 0.3 0 0 1
1613 38 712 5 5 29 46 0.9 2 0 0
1614 36 712 3 18 29 30 0.3 2 0 0
1615 -1 713 9 8 16 45 0.6 0 0 0
1616 -1 713 9 25 26 59 0.9 0 0 1
1617 56 714 5 29 23 42 0.8 2 0 0
1618 27 714 3 12 8 49 0.7 2 0 0
1619 45 714 1 7 13 39 0.2 1 0 0
1620 3 714 4 29 29 53 0.1 1 0 0
1621 -1 715 4 11 11 52 0.7 0 0 0
1622 36 715 5 28 5 57 0.5 1 0 0
1623 13 715 0 18 30 55 0.1 2 0 0
1624 25 716 4 15 11 40 0.9 1 0 0
1625 13 716 1 26 23 30 0.3 2 0 0
1626 48 716 5 14 5 47 0.1 2 0 0
1627 39 717 1 14 11 44 0.2 2 1 0
1628 9 717 2 7 6 35 0.8 2 1 0
1629 6 718 0 28 18 41 0.3 2 0 0
1630 51 718 6 11 18 43 0.9 2 0 0
1631 -1 719 3 13 11 41 0.5 0 0 0
1632 41 719 5 25 25 31 0.6 1 1 0
1633 -1 719 9 5 12 41 0.9 0 0 0
1634 4 719 5 16 19 38 0.3 2 0 0
1635 33 720 1 21 9 53 0.9 1 0 1
1636 -1 720 0 15 16 57 0.3 0 0 1
1637 40 720 7 16 29 43 0.1 2 0 0
1638 48 721 8 7 29 51 0.3 2 0 0
1639 18 722 9 8 5 59 0.5 1 0 1
1640 44 722 5 10 29 56 0.6 2 0 0
1641 9 723 5 18 27 35 0.4 2 0 0
1642 30 724 0 10 10 43 0.7 2 0 0
1643 36 724 6 8 15 41 0.6 2 0 0
1644 -1 724 0 14 13 57 0.5 0 0 0
1645 57 725 2 30 8 59 0.4 1 0 0
1646 49 725 4 5 9 32 0.6 2 0 1
1647 40 726 3 13 21 48 0.6 2 0 0
1648 9 726 9 10 6 44 0.8 1 0 0
1649 33 727 7 13 5 44 0.3 2 0 0
1650 23 727 7 29 9 30 0.9 2 0 0
1651 22 728 7 8 17 49 0.9 2 0 0
1652 54 728 7 13 30 48 0.7 2 0 0
1653 9 728 2 6 16 54 0.9 2 0 0
1654 44 728 9 21 15 51 0.8 2 0 0
1655 54 729 7 10 6 39 0.4 2 0 0
1656 -1 730 4 15 7 55 0.1 0 1 0
1657 -1 730 4 14 27 56 0.9 0 0 1
1658 20 730 8 21 5 48 0.1 1 0 0
1659 44 731 2 7 16 33 0.5 1 0 0
1660 -1 731 8 30 29 32 0.2 0 0 0
1661 -1 732 7 21 11 47 0.1 0 0 0
1662 -1 732 7 29 16 45 0.4 0 0 0
1663 -1 732 4 26 8 55 0.2 0 0 0
1664 3 732 6 9 20 44 0.3 1 0 0
1665 41 733 8 5 12 35 0.3 1 0 0
1666 30 733 6 20 18 51 0.6 1 0 0
1667 47 733 2 27 11 31 0.7 1 0 0
1668 42 733 2 25 26 43 0.3 2 0 0
1669 30 734 0 18 27 49 0.8 2 0 0
1670 52 734 9 28 29 46 0.1 2 1 1
1671 6 735 4 26 12 56 0.5 2 0 0
1672 44 735 8 29 12 36 0.6 1 0 0
1673 49 735 0 17 7 53 0.3 1 0 0
1674 32 736 3 30 27 49 0.7 2 0 1
1675 3 737 9 24 7 34 0.2 2 0 1
1676 5 737 3 9 25 55 0.8 2 0 0
1677 12 737 1 24 23 46 0.5 2 0 0
1678 24 737 6 13 7 45 0.7 2 0 1
1679 1 738 7 7 11 46 0.7 2 0 0
1680 -1 738 5 14 11 49 0.3 0 0 0
1681 -1 738 8 8 5 42 0.2 0 1 0
1682 9 738 3 12 13 45 0.5 1 0 1
1683 -1 739 6 27 25 43 0.9 0 0 0
1684 -1 739 1 11 22 49 0.5 0 0 0
1685 53 739 1 8 5 36 0.6 2 0 0
1686 38 739 7 19 25 40 0.5 2 0 0
1687 3 740 4 24 15 35 0.4 2 1 0
1688 -1 740 5 5 11 30 0.1 0 0 0
1689 36 740 7 21 29 53 0.9 2 0 0
1690 49 741 5 15 13 57 0.6 1 0 0
1691 20 741 3 18 10 37 0.2 2 0 0
1692 26 742 7 20 28 55 0.1 2 0 1
1693 17 742 6 18 19 47 0.2 2 0 0
1694 18 742 6 16 11 52 0.5 2 0 0
1695 -1 742 3 16 12 37 0.6 0 1 0
1696 -1 743 8 8 29 44 0.5 0 0 0
1697 46 743 9 21 19 31 0.8 2 0 0
1698 26 743 8 6 27 44 0.9 2 0 0
1699 -1 743 0 28 25 38 0.8 0 0 0
1700 -1 744 2 24 24 41 0.3 0 0 0
1701 1 744 8 18 17 41 0.1 2 0 0
1702 42 744 3 6 8 55 0.6 2 0 0
1703 -1 745 4 6 18 47 0.3 0 0 0
1704 47 745 2 13 22 51 0.7 2 0 0
1705 57 745 9 10 24 50 0.6 2 0 0
1706 30 746 1 21 6 40 0.6 2 0 0
1707 19 746 6 23 6 35 0.3 1 0 0
1708 -1 746 1 30 6 33 0.7 0 0 0
1709 24 747 2 15 12 58 0.6 2 0 0
1710 37 747 8 11 21 59 0.7 2 0 0
1711 -1 747 6 15 30 37 0.8 0 0 0
1712 -1 747 8 13 27 30 0.2 0 0 0
1713 49 748 4 16 10 39 0.3 2 0 0
1714 5 748 7 11 12 51 0.8 2 0 0
1715 -1 748 8 19 10 42 0.1 0 0 1
1716 37 749 1 14 30 38 0.2 2 0 0
1717 14 749 4 18 14 32 0.4 2 1 0
1718 48 749 6 18 30 45 0.8 2 0 0
1719 29 749 7 9 8 60 0.8 2 0 0
1720 33 750 6 6 20 50 0.4 1 0 0
1721 23 750 7 21 26 36 0.4 2 0 0
1722 36 751 5 16 21 48 0.6 2 0 1
1723 16 751 7 19 22 38 0.6 2 0 0
1724 -1 751 7 15 27 46 0.8 0 0 1
1725 46 751 1 5 21 49 0.3 2 0 0
1726 36 752 5 18 29 39 0.7 2 0 0
1727 28 752 2 24 14 35 0.1 2 0 0
1728 14 752 6 27 28 41 0.7 2 1 0
1729 23 752 6 17 24 53 0.8 1 0 0
1730 5 753 7 12 8 30 0.7 1 0 0
1731 23 753 2 22 16 52 0.6 2 0 0
1732 36 754 8 8 6 45 0.3 1 0 0
1733 18 754 0 13 28 48 0.5 2 0 0
1734 9 754 6 6 17 50 0.6 2 1 0
1735 32 755 3 20 20 56 0.6 2 0 0
1736 56 755 3 11 6 51 0.8 2 0 1
1737 9 755 3 17 22 57 0.2 2 0 0
1738 36 756 5 10 28 45 0.6 1 0 0
1739 -1 757 7 27 11 55 0.7 0 0 0
1740 37 757 6 30 20 41 0.4 2 0 0
1741 3 757 8 14 21 59 0.9 2 0 0
1742 38 757 3 28 26 58 0.1 2 0 0
1743 -1 758 2 28 7 37 0.6 0 0 0
1744 -1 759 8 25 9 32 0.4 0 0 0
1745 -1 760 9 27 30 54 0.8 0 0 0
1746 4 761 6 7 29 52 0.5 2 0 0
1747 2 761 6 20 6 59 0.9 2 0 0
1748 -1 761 0 6 22 60 0.4 0 0 0
1749 13 762 5 26 5 57 0.2 2 0 0
1750 6 762 2 12 11 57 0.8 2 0 0
1751 43 763 0 24 21 34 0.2 2 0 0
1752 -1 764 1 16 5 42 0.5 0 0 0
1753 44 764 8 28 6 35 0.8 2 0 0
1754 17 764 7 30 14 44 0.2 2 1 0
1755 47 765 3 6 19 59 0.6 2 0 0
1756 -1 765 1 15 6 55 0.7 0 1 0
1757 21 766 9 29 27 58 0.3 2 0 1
1758 37 766 1 15 30 59 0.6 1 0 0
1759 51 766 0 6 26 38 0.3 2 0 0
1760 30 766 5 8 11 33 0.2 2 0 1
1761 15 767 5 27 10 44 0.3 2 0 0
1762 30 767 4 7 11 50 0.2 2 0 0
1763 56 767 7 26 25 36 0.8 2 0 0
1764 33 768 1 29 17 47 0.1 2 0 0
1765 -1 768 8 13 14 59 0.2 0 0 0
1766 15 769 5 12 11 47 0.5 2 0 0
1767 40 769 8 16 30 49 0.2 2 0 0
1768 -1 770 1 25 29 36 0.9 0 0 1
1769 27 771 4 24 18 49 0.8 2 1 0
1770 35 772 7 11 27 43 0.8 2 0 0
1771 30 772 5 30 8 44 0.6 2 0 0
1772 -1 772 5 15 15 60 0.7 0 0 0
1773 28 773 1 26 16 33 0.7 2 1 0
1774 -1 773 5 10 21 57 0.8 0 0 0
1775 12 774 4 5 28 41 0.4 1 0 0
1776 3 775 1 9 10 42 0.3 2 0 0
1777 29 776 4 21 23 33 0.5 2 0 0
1778 5 776 0 23 25 42 0.1 1 0 0
1779 3 777 4 21 17 38 0.1 2 0 1
1780 27 777 3 10 11 52 0.4 1 0 0
1781 51 777 7 8 7 40 0.4 2 0 0
1782 -1 778 1 8 18 35 0.5 0 0 0
1783 29 778 7 25 17 56 0.2 2 0 0
1784 30 779 4 7 27 53 0.2 2 0 0
1785 24 780 7 22 29 59 0.3 2 0 0
1786 26 780 7 12 13 33 0.2 2 0 0
1787 6 780 5 5 13 48 0.1 2 0 0
1788 53 781 3 26 30 36 0.4 2 0 0
1789 51 781 6 5 9 37 0.7 2 0 0
1790 30 782 7 12 13 48 0.7 2 0 0
1791 15 782 1 13 22 57 0.8 2 0 0
1792 26 782 1 13 13 40 0.6 2 0 0
1793 -1 782 4 27 16 52 0.8 0 0 0
1794 -1 783 9 14 22 39 0.1 0 1 0
1795 38 783 8 8 10 57 0.7 2 0 0
1796 31 784 8 11 22 41 0.6 1 0 0
1797 10 784 3 18 11 48 0.7 2 0 0
1798 44 785 3 25 29 40 0.1 2 0 0
1799 -1 785 5 28 8 42 0.4 0 0 0
1800 -1 785 0 26 18 46 0.6 0 0 0
1801 2 786 1 24 11 39 0.4 1 0 0
1802 38 786 0 7 28 50 0.8 2 0 0
1803 5 786 0 27 21 47 0.7 1 0 0
1804 -1 787 7 8 12 50 0.2 0 0 0
1805 47 787 2 20 25 31 0.6 2 0 0
1806 18 788 4 7 26 49 0.8 2 0 0
1807 -1 789 1 17 13 60 0.7 0 1 0
1808 9 789 3 23 20 51 0.7 1 0 1
1809 42 789 3 10 11 51 0.3 2 0 0
1810 30 789 0 28 15 54 0.4 2 0 1
1811 41 790 5 9 9 58 0.7 2 0 0
1812 45 790 9 28 9 50 0.3 2 1 0
1813 23 791 7 29 5 36 0.6 2 0 0
1814 12 791 5 19 12 60 0.6 2 0 0
1815 55 791 2 8 29 59 0.5 2 0 0
1816 46 791 4 9 8 41 0.8 2 0 1
1817 57 792 4 30 19 56 0.3 2 0 0
1818 5 793 3 11 21 60 0.9 2 0 1
1819 29 793 4 17 6 37 0.9 2 0 0
1820 57 793 8 26 18 47 0.2 1 1 0
1821 -1 794 6 20 27 54 0.8 0 0 0
1822 40 794 5 14 8 31 0.2 2 0 0
1823 15 794 6 27 16 56 0.3 2 0 0
1824 57 794 1 6 24 39 0.5 2 1 0
1825 16 795 6 15 9 38 0.6 1 0 0
1826 -1 795 6 22 10 41 0.4 0 0 1
1827 28 795 4 23 25 53 0.2 2 0 0
1828 40 795 0 13 25 59 0.3 2 0 1
1829 -1 796 2 8 15 42 0.7 0 0 0
1830 44 797 6 12 18 43 0.8 2 0 0
1831 43 797 6 11 6 52 0.8 2 0 0
1832 10 797 7 29 6 46 0.9 2 0 0
1833 24 797 9 28 19 52 0.8 2 0 0
1834 11 798 2 11 29 41 0.1 1 1 0
1835 40 798 9 23 5 35 0.7 2 0 1
1836 -1 798 9 14 16 45 0.3 0 0 0
1837 3 799 8 16 13 53 0.8 2 0 0
1838 -1 799 8 21 9 53 0.3 0 0 1
1839 -1 800 1 10 18 32 0.8 0 0 0
1840 50 801 1 18 21 52 0.8 2 0 0
1841 4 802 2 18 22 57 0.1 2 0 0
1842 13 802 0 26 26 31 0.3 1 0 0
1843 11 802 7 9 11 37 0.9 2 0 0
1844 34 803 7 22 9 32 0.4 1 1 0
1845 24 804 6 28 23 40 0.4 1 0 0
1846 19 804 2 27 17 38 0.7 2 0 1
1847 40 805 4 25 23 56 0.5 2 0 0
1848 -1 806 9 20 16 38 0.3 0 0 0
1849 26 806 9 16 15 34 0.8 2 0 0
1850 55 807 8 14 22 43 0.8 2 1 0
1851 35 808 6 7 14 45 0.5 2 0 0
1852 12 809 2 7 22 54 0.9 2 0 0
1853 28 809 8 12 21 47 0.4 2 0 1
1854 11 809 5 12 7 46 0.5 1 0 0
1855 47 810 1 13 24 48 0.9 2 0 0
1856 -1 811 1 16 26 56 0.8 0 0 0
1857 22 812 0 15 19 60 0.1 1 0 0
1858 -1 812 7 16 19 56 0.1 0 0 0
1859 -1 812 0 16 13 40 0.7 0 0 0
1860 42 813 5 21 15 42 0.5 2 0 0
1861 47 813 1 19 26 52 0.6 2 0 0
1862 4 813 9 18 14 37 0.9 2 0 0
1863 36 813 9 28 6 49 0.8 1 0 0
1864 47 814 4 22 21 45 0.2 1 0 1
1865 7 815 2 9 18 34 0.4 1 0 0
1866 -1 816 1 11 20 53 0.9 0 0 0
1867 -1 817 4 17 7 43 0.1 0 0 0
1868 12 817 4 12 26 58 0.8 2 0 0
1869 -1 817 2 28 10 60 0.1 0 1 0
1870 -1 817 0 11 10 35 0.1 0 0 0
1871 41 818 7 24 12 46 0.9 2 0 0
1872 25 818 0 17 13 52 0.5 2 0 0
1873 56 819 7 21 5 44 0.9 2 0 0
1874 2 819 5 23 15 30 0.5 2 0 0
1875 18 819 1 15 24 32 0.5 1 0 0
1876 -1 820 1 5 5 57 0.1 0 0 0
1877 47 821 3 13 17 52 0.2 2 0 0
1878 12 821 6 30 7 44 0.2 2 0 0
1879 17 822 0 23 5 50 0.7 1 0 0
1880 18 822 6 20 16 40 0.4 2 0 0
1881 10 822 9 5 15 51 0.5 2 0 0
1882 50 823 1 6 14 50 0.8 2 0 0
1883 41 823 8 28 14 46 0.5 2 0 1
1884 40 823 0 17 11 41 0.1 2 0 0
1885 5 824 8 25 22 48 0.5 2 0 0
1886 -1 824 7 14 22 57 0.4 0 0 0
1887 2 824 9 27 11 40 0.1 2 1 0
1888 40 824 2 26 12 57 0.7 1 0 1
1889 39 825 2 6 24 33 0.4 2 0 0
1890 -1 826 0 25 17 35 0.5 0 0 0
1891 54 826 3 18 9 56 0.5 2 0 0
1892 -1 827 4 13 19 57 0.4 0 0 0
1893 -1 827 0 21 11 45 0.7 0 0 0
1894 -1 827 7 26 20 47 0.7 0 0 0
1895 36 827 6 20 17 53 0.5 2 0 0
1896 1 828 1 25 14 38 0.7 2 0 0
1897 7 828 6 30 17 57 0.7 2 0 1
1898 38 828 9 5 13 50 0.3 2 0 0
1899 9 828 6 8 13 34 0.4 2 0 0
1900 -1 829 8 23 30 38 0.7 0 0 1
1901 -1 829 9 20 26 35 0.6 0 0 0
1902 -1 830 8 18 22 45 0.4 0 0 0
1903 8 831 4 12 28 52 0.6 2 0 0
1904 3 832 6 15 22 34 0.6 1 0 0
1905 31 833 3 21 14 56 0.2 1 0 0
1906 43 833 6 22 28 33 0.7 2 0 1
1907 -1 834 7 19 6 60 0.1 0 0 0
1908 8 835 6 6 14 38 0.5 1 0 0
1909 30 836 8 9 12 34 0.4 2 1 0
1910 26 836 8 20 20 30 0.8 2 0 0
1911 42 836 1 18 22 37 0.6 2 0 0
1912 51 836 1 8 26 36 0.9 2 0 1
1913 42 837 2 28 15 30 0.5 2 0 0
1914 30 838 4 19 19 39 0.2 1 0 0
1915 38 838 5 16 9 50 0.9 2 0 0
1916 51 838 6 24 23 33 0.6 2 0 0
1917 -1 838 0 10 12 47 0.3 0 0 1
1918 3 839 9 23 12 40 0.4 2 0 1
1919 24 839 5 29 21 31 0.4 1 1 0
1920 39 839 6 24 16 45 0.4 2 0 0
1921 6 839 7 5 5 50 0.9 2 0 0
1922 7 840 1 12 23 44 0.1 2 0 0
1923 27 840 1 5 30 33 0.3 2 0 0
1924 -1 840 4 20 22 47 0.7 0 0 0
1925 53 841 4 27 18 43 0.3 2 0 0
1926 -1 841 5 26 27 38 0.6 0 0 0
1927 49 841 4 12 6 57 0.5 2 0 0
1928 29 841 3 18 28 39 0.7 1 0 0
1929 -1 842 5 26 17 32 0.7 0 0 0
1930 55 842 4 15 25 58 0.7 2 0 0
1931 48 842 2 23 26 60 0.9 2 0 0
1932 -1 843 7 19 23 39 0.1 0 0 0
1933 15 843 1 17 22 31 0.2 2 0 1
1934 30 844 7 8 19 36 0.3 1 0 0
1935 50 844 2 26 24 56 0.4 1 0 0
1936 12 845 5 10 27 33 0.3 2 0 0
1937 -1 845 4 7 25 35 0.1 0 0 0
1938 -1 845 1 29 29 56 0.4 0 0 0
1939 -1 846 1 14 14 50 0.3 0 0 0
1940 19 846 9 24 6 60 0.2 1 0 0
1941 9 846 0 24 6 34 0.1 2 1 0
1942 -1 846 0 22 21 49 0.9 0 0 1
1943 36 847 2 27 24 36 0.9 2 0 0
1944 -1 847 0 15 27 32 0.1 0 0 0
1945 7 847 3 5 10 58 0.8 2 0 0
1946 -1 847 1 17 28 58 0.5 0 0 0
1947 51 848 0 27 23 38 0.7 1 0 0
1948 12 848 6 10 5 33 0.3 2 0 0
1949 44 848 9 21 18 54 0.2 2 0 0
1950 7 849 8 20 8 39 0.1 2 0 0
1951 30 849 8 28 17 55 0.8 2 0 0
1952 9 850 5 22 10 32 0.3 2 0 0
1953 32 850 6 18 14 36 0.8 2 0 0
1954 51 850 6 13 30 40 0.6 2 0 0
1955 -1 851 9 14 13 33 0.9 0 0 0
1956 5 851 2 29 5 52 0.4 2 0 0
1957 36 852 9 6 8 39 0.3 1 0 0
1958 9 852 7 18 18 51 0.6 2 0 0
1959 32 853 9 29 9 32 0.5 1 0 0
1960 57 853 7 26 13 43 0.4 1 0 0
1961 14 853 4 7 13 60 0.9 2 0 0
1962 21 854 5 5 19 38 0.4 2 0 0
1963 -1 854 5 14 11 33 0.8 0 0 0
1964 37 854 6 19 11 41 0.3 2 0 0
1965 55 854 0 13 19 59 0.3 2 0 0
1966 38 855 7 16 6 43 0.6 1 0 0
1967 -1 856 2 28 30 41 0.7 0 0 0
1968 15 856 7 9 30 55 0.3 1 0 0
